9.999265614300260063e-01
9.999265614300260063e-01
9.999265614300260063e-01
9.999265614300260063e-01
9.999265614300260063e-01
9.999265614300260063e-01
6.576156625519389287e-01
6.576156625519389287e-01
6.576156625519389287e-01
6.576156625519389287e-01
6.576156625519389287e-01
6.576156625519389287e-01
9.999999954950181680e-01
9.999999954950181680e-01
9.999999954950181680e-01
9.999999954950181680e-01
9.999999954950181680e-01
9.999999954950181680e-01
2.639128514115562562e-06
2.639128514115562562e-06
2.639128514115562562e-06
2.639128514115562562e-06
2.639128514115562562e-06
2.639128514115562562e-06
2.639128514115562562e-06
9.993069521213210349e-01
9.993069521213210349e-01
9.993069521213210349e-01
9.993069521213210349e-01
9.993069521213210349e-01
9.993069521213210349e-01
1.555156063678067579e-01
1.555156063678067579e-01
1.555156063678067579e-01
1.555156063678067579e-01
1.555156063678067579e-01
1.555156063678067579e-01
9.999998825703945160e-01
9.999998825703945160e-01
9.999998825703945160e-01
9.999998825703945160e-01
9.999998825703945160e-01
9.999998825703945160e-01
4.522945624142757814e-07
4.522945624142757814e-07
4.522945624142757814e-07
4.522945624142757814e-07
4.522945624142757814e-07
4.522945624142757814e-07
4.522945624142757814e-07
5.720270649111355299e-01
5.720270649111355299e-01
5.720270649111355299e-01
5.720270649111355299e-01
5.720270649111355299e-01
5.720270649111355299e-01
8.419930053196588847e-05
8.419930053196588847e-05
8.419930053196588847e-05
8.419930053196588847e-05
8.419930053196588847e-05
8.419930053196588847e-05
1.120028506551922153e-06
1.120028506551922153e-06
1.120028506551922153e-06
1.120028506551922153e-06
1.120028506551922153e-06
1.120028506551922153e-06
3.045796841406437959e-07
3.045796841406437959e-07
3.045796841406437959e-07
3.045796841406437959e-07
3.045796841406437959e-07
3.045796841406437959e-07
3.045796841406437959e-07
1.308408936751400362e-11
1.308408936751400362e-11
1.308408936751400362e-11
1.308408936751400362e-11
1.308408936751400362e-11
1.308408936751400362e-11
2.002270690360587177e-07
2.002270690360587177e-07
2.002270690360587177e-07
2.002270690360587177e-07
2.002270690360587177e-07
2.002270690360587177e-07
2.682324917736291828e-10
2.682324917736291828e-10
2.682324917736291828e-10
2.682324917736291828e-10
2.682324917736291828e-10
2.682324917736291828e-10
5.925537838182460938e-12
5.925537838182460938e-12
5.925537838182460938e-12
5.925537838182460938e-12
5.925537838182460938e-12
5.925537838182460938e-12
5.925537838182460938e-12
1.931299564717538310e-11
1.931299564717538310e-11
1.931299564717538310e-11
1.931299564717538310e-11
1.931299564717538310e-11
1.931299564717538310e-11
1.323178733248354502e-09
1.323178733248354502e-09
1.323178733248354502e-09
1.323178733248354502e-09
1.323178733248354502e-09
1.323178733248354502e-09
1.920390274579617784e-08
1.920390274579617784e-08
1.920390274579617784e-08
1.920390274579617784e-08
1.920390274579617784e-08
1.920390274579617784e-08
2.854938507824478617e-13
2.854938507824478617e-13
2.854938507824478617e-13
2.854938507824478617e-13
2.854938507824478617e-13
2.854938507824478617e-13
2.854938507824478617e-13
9.915484409115137888e-05
9.915484409115137888e-05
9.915484409115137888e-05
9.915484409115137888e-05
9.915484409115137888e-05
9.915484409115137888e-05
9.999993156155039253e-01
9.999993156155039253e-01
9.999993156155039253e-01
9.999993156155039253e-01
9.999993156155039253e-01
9.999993156155039253e-01
9.860111247532707957e-01
9.860111247532707957e-01
9.860111247532707957e-01
9.860111247532707957e-01
9.860111247532707957e-01
9.860111247532707957e-01
9.939151723873148067e-10
9.939151723873148067e-10
9.939151723873148067e-10
9.939151723873148067e-10
9.939151723873148067e-10
9.939151723873148067e-10
9.939151723873148067e-10
9.995845684791523356e-01
9.995845684791523356e-01
9.995845684791523356e-01
9.995845684791523356e-01
9.995845684791523356e-01
9.995845684791523356e-01
9.999999854019711032e-01
9.999999854019711032e-01
9.999999854019711032e-01
9.999999854019711032e-01
9.999999854019711032e-01
9.999999854019711032e-01
9.999769185444528086e-01
9.999769185444528086e-01
9.999769185444528086e-01
9.999769185444528086e-01
9.999769185444528086e-01
9.999769185444528086e-01
1.998974549215004951e-04
1.998974549215004951e-04
1.998974549215004951e-04
1.998974549215004951e-04
1.998974549215004951e-04
1.998974549215004951e-04
1.998974549215004951e-04
9.999999999919632065e-01
9.999999999919632065e-01
9.999999999919632065e-01
9.999999999919632065e-01
9.999999999919632065e-01
9.999999999919632065e-01
9.999999992784101011e-01
9.999999992784101011e-01
9.999999992784101011e-01
9.999999992784101011e-01
9.999999992784101011e-01
9.999999992784101011e-01
9.999950027167863187e-01
9.999950027167863187e-01
9.999950027167863187e-01
9.999950027167863187e-01
9.999950027167863187e-01
9.999950027167863187e-01
9.999700699877696053e-01
9.999700699877696053e-01
9.999700699877696053e-01
9.999700699877696053e-01
9.999700699877696053e-01
9.999700699877696053e-01
9.999700699877696053e-01
9.999999999994287903e-01
9.999999999994287903e-01
9.999999999994287903e-01
9.999999999994287903e-01
9.999999999994287903e-01
9.999999999994287903e-01
9.999999985675301906e-01
9.999999985675301906e-01
9.999999985675301906e-01
9.999999985675301906e-01
9.999999985675301906e-01
9.999999985675301906e-01
9.999943329246804291e-01
9.999943329246804291e-01
9.999943329246804291e-01
9.999943329246804291e-01
9.999943329246804291e-01
9.999943329246804291e-01
9.997563914618612380e-01
9.997563914618612380e-01
9.997563914618612380e-01
9.997563914618612380e-01
9.997563914618612380e-01
9.997563914618612380e-01
9.997563914618612380e-01
9.999999999997991607e-01
9.999999999997991607e-01
9.999999999997991607e-01
9.999999999997991607e-01
9.999999999997991607e-01
9.999999999997991607e-01
9.999999980101019759e-01
9.999999980101019759e-01
9.999999980101019759e-01
9.999999980101019759e-01
9.999999980101019759e-01
9.999999980101019759e-01
9.964434900215687341e-01
9.964434900215687341e-01
9.964434900215687341e-01
9.964434900215687341e-01
9.964434900215687341e-01
9.964434900215687341e-01
9.999680676769003851e-01
9.999680676769003851e-01
9.999680676769003851e-01
9.999680676769003851e-01
9.999680676769003851e-01
9.999680676769003851e-01
9.999680676769003851e-01
9.999967180120911125e-01
9.999967180120911125e-01
9.999967180120911125e-01
9.999967180120911125e-01
9.999967180120911125e-01
9.999967180120911125e-01
9.999999999901046932e-01
9.999999999901046932e-01
9.999999999901046932e-01
9.999999999901046932e-01
9.999999999901046932e-01
9.999999999901046932e-01
9.999963265328378759e-01
9.999963265328378759e-01
9.999963265328378759e-01
9.999963265328378759e-01
9.999963265328378759e-01
9.999963265328378759e-01
9.999999953442025857e-01
9.999999953442025857e-01
9.999999953442025857e-01
9.999999953442025857e-01
9.999999953442025857e-01
9.999999953442025857e-01
9.999999953442025857e-01
2.279698248808957926e-05
2.279698248808957926e-05
2.279698248808957926e-05
2.279698248808957926e-05
2.279698248808957926e-05
2.279698248808957926e-05
9.999999243440058638e-01
9.999999243440058638e-01
9.999999243440058638e-01
9.999999243440058638e-01
9.999999243440058638e-01
9.999999243440058638e-01
7.678088286465159333e-03
7.678088286465159333e-03
7.678088286465159333e-03
7.678088286465159333e-03
7.678088286465159333e-03
7.678088286465159333e-03
9.999990760735063544e-01
9.999990760735063544e-01
9.999990760735063544e-01
9.999990760735063544e-01
9.999990760735063544e-01
9.999990760735063544e-01
9.999990760735063544e-01
2.216190188698142807e-06
2.216190188698142807e-06
2.216190188698142807e-06
2.216190188698142807e-06
2.216190188698142807e-06
2.216190188698142807e-06
9.999874430454286367e-01
9.999874430454286367e-01
9.999874430454286367e-01
9.999874430454286367e-01
9.999874430454286367e-01
9.999874430454286367e-01
8.159906396690049702e-07
8.159906396690049702e-07
8.159906396690049702e-07
8.159906396690049702e-07
8.159906396690049702e-07
8.159906396690049702e-07
9.999931810414680600e-01
9.999931810414680600e-01
9.999931810414680600e-01
9.999931810414680600e-01
9.999931810414680600e-01
9.999931810414680600e-01
9.999931810414680600e-01
9.996883230474782334e-01
9.996883230474782334e-01
9.996883230474782334e-01
9.996883230474782334e-01
9.996883230474782334e-01
9.996883230474782334e-01
9.997317073580922475e-01
9.997317073580922475e-01
9.997317073580922475e-01
9.997317073580922475e-01
9.997317073580922475e-01
9.997317073580922475e-01
1.122990589408695338e-13
1.122990589408695338e-13
1.122990589408695338e-13
1.122990589408695338e-13
1.122990589408695338e-13
1.122990589408695338e-13
1.310107865991469098e-04
1.310107865991469098e-04
1.310107865991469098e-04
1.310107865991469098e-04
1.310107865991469098e-04
1.310107865991469098e-04
1.310107865991469098e-04
9.999273103744196201e-01
9.999273103744196201e-01
9.999273103744196201e-01
9.999273103744196201e-01
9.999273103744196201e-01
9.999273103744196201e-01
9.089766345777470224e-01
9.089766345777470224e-01
9.089766345777470224e-01
9.089766345777470224e-01
9.089766345777470224e-01
9.089766345777470224e-01
1.467743268591016904e-07
1.467743268591016904e-07
1.467743268591016904e-07
1.467743268591016904e-07
1.467743268591016904e-07
1.467743268591016904e-07
9.836049172092392601e-01
9.836049172092392601e-01
9.836049172092392601e-01
9.836049172092392601e-01
9.836049172092392601e-01
9.836049172092392601e-01
9.836049172092392601e-01
9.999961286365747215e-01
9.999961286365747215e-01
9.999961286365747215e-01
9.999961286365747215e-01
9.999961286365747215e-01
9.999961286365747215e-01
9.564918129408873648e-01
9.564918129408873648e-01
9.564918129408873648e-01
9.564918129408873648e-01
9.564918129408873648e-01
9.564918129408873648e-01
3.927337121117719515e-02
3.927337121117719515e-02
3.927337121117719515e-02
3.927337121117719515e-02
3.927337121117719515e-02
3.927337121117719515e-02
9.999999984918171991e-01
9.999999984918171991e-01
9.999999984918171991e-01
9.999999984918171991e-01
9.999999984918171991e-01
9.999999984918171991e-01
9.999999984918171991e-01
9.999999844180861297e-01
9.999999844180861297e-01
9.999999844180861297e-01
9.999999844180861297e-01
9.999999844180861297e-01
9.999999844180861297e-01
9.629718670953494319e-01
9.629718670953494319e-01
9.629718670953494319e-01
9.629718670953494319e-01
9.629718670953494319e-01
9.629718670953494319e-01
9.999366729913948815e-01
9.999366729913948815e-01
9.999366729913948815e-01
9.999366729913948815e-01
9.999366729913948815e-01
9.999366729913948815e-01
9.999999999934318096e-01
9.999999999934318096e-01
9.999999999934318096e-01
9.999999999934318096e-01
9.999999999934318096e-01
9.999999999934318096e-01
9.999999999934318096e-01
9.999998232926893271e-01
9.999998232926893271e-01
9.999998232926893271e-01
9.999998232926893271e-01
9.999998232926893271e-01
9.999998232926893271e-01
3.664793601507423948e-02
3.664793601507423948e-02
3.664793601507423948e-02
3.664793601507423948e-02
3.664793601507423948e-02
3.664793601507423948e-02
9.999191144348228422e-01
9.999191144348228422e-01
9.999191144348228422e-01
9.999191144348228422e-01
9.999191144348228422e-01
9.999191144348228422e-01
9.999999999736967071e-01
9.999999999736967071e-01
9.999999999736967071e-01
9.999999999736967071e-01
9.999999999736967071e-01
9.999999999736967071e-01
9.999999999736967071e-01
9.999999583496735900e-01
9.999999583496735900e-01
9.999999583496735900e-01
9.999999583496735900e-01
9.999999583496735900e-01
9.999999583496735900e-01
3.605290032774999872e-03
3.605290032774999872e-03
3.605290032774999872e-03
3.605290032774999872e-03
3.605290032774999872e-03
3.605290032774999872e-03
9.997698322651964453e-01
9.997698322651964453e-01
9.997698322651964453e-01
9.997698322651964453e-01
9.997698322651964453e-01
9.997698322651964453e-01
9.999999972254424163e-01
9.999999972254424163e-01
9.999999972254424163e-01
9.999999972254424163e-01
9.999999972254424163e-01
9.999999972254424163e-01
9.999999972254424163e-01
9.999996864321535339e-01
9.999996864321535339e-01
9.999996864321535339e-01
9.999996864321535339e-01
9.999996864321535339e-01
9.999996864321535339e-01
9.645396396648857459e-05
9.645396396648857459e-05
9.645396396648857459e-05
9.645396396648857459e-05
9.645396396648857459e-05
9.645396396648857459e-05
9.985045524627610414e-01
9.985045524627610414e-01
9.985045524627610414e-01
9.985045524627610414e-01
9.985045524627610414e-01
9.985045524627610414e-01
9.452996000594877657e-01
9.452996000594877657e-01
9.452996000594877657e-01
9.452996000594877657e-01
9.452996000594877657e-01
9.452996000594877657e-01
9.452996000594877657e-01
9.999977290487866988e-01
9.999977290487866988e-01
9.999977290487866988e-01
9.999977290487866988e-01
9.999977290487866988e-01
9.999977290487866988e-01
6.295454990647724511e-09
6.295454990647724511e-09
6.295454990647724511e-09
6.295454990647724511e-09
6.295454990647724511e-09
6.295454990647724511e-09
9.957118408582662505e-01
9.957118408582662505e-01
9.957118408582662505e-01
9.957118408582662505e-01
9.957118408582662505e-01
9.957118408582662505e-01
1.016429058203521709e-04
1.016429058203521709e-04
1.016429058203521709e-04
1.016429058203521709e-04
1.016429058203521709e-04
1.016429058203521709e-04
1.016429058203521709e-04
9.999865244466302761e-01
9.999865244466302761e-01
9.999865244466302761e-01
9.999865244466302761e-01
9.999865244466302761e-01
9.999865244466302761e-01
2.192424020109456554e-11
2.192424020109456554e-11
2.192424020109456554e-11
2.192424020109456554e-11
2.192424020109456554e-11
2.192424020109456554e-11
1.535592047772794087e-03
1.535592047772794087e-03
1.535592047772794087e-03
1.535592047772794087e-03
1.535592047772794087e-03
1.535592047772794087e-03
2.671643316765891398e-05
2.671643316765891398e-05
2.671643316765891398e-05
2.671643316765891398e-05
2.671643316765891398e-05
2.671643316765891398e-05
2.671643316765891398e-05
1.014248712989700764e-04
1.014248712989700764e-04
1.014248712989700764e-04
1.014248712989700764e-04
1.014248712989700764e-04
1.014248712989700764e-04
6.515343820014758719e-12
6.515343820014758719e-12
6.515343820014758719e-12
6.515343820014758719e-12
6.515343820014758719e-12
6.515343820014758719e-12
5.642459941506946519e-01
5.642459941506946519e-01
5.642459941506946519e-01
5.642459941506946519e-01
5.642459941506946519e-01
5.642459941506946519e-01
1.048263056710234479e-04
1.048263056710234479e-04
1.048263056710234479e-04
1.048263056710234479e-04
1.048263056710234479e-04
1.048263056710234479e-04
1.048263056710234479e-04
9.172170089261711193e-03
9.172170089261711193e-03
9.172170089261711193e-03
9.172170089261711193e-03
9.172170089261711193e-03
9.172170089261711193e-03
1.247684733307996243e-10
1.247684733307996243e-10
1.247684733307996243e-10
1.247684733307996243e-10
1.247684733307996243e-10
1.247684733307996243e-10
9.999617897795488597e-01
9.999617897795488597e-01
9.999617897795488597e-01
9.999617897795488597e-01
9.999617897795488597e-01
9.999617897795488597e-01
5.209089472403238786e-04
5.209089472403238786e-04
5.209089472403238786e-04
5.209089472403238786e-04
5.209089472403238786e-04
5.209089472403238786e-04
5.209089472403238786e-04
3.128881035746602229e-02
3.128881035746602229e-02
3.128881035746602229e-02
3.128881035746602229e-02
3.128881035746602229e-02
3.128881035746602229e-02
3.565869821643418620e-11
3.565869821643418620e-11
3.565869821643418620e-11
3.565869821643418620e-11
3.565869821643418620e-11
3.565869821643418620e-11
9.999999934021650549e-01
9.999999934021650549e-01
9.999999934021650549e-01
9.999999934021650549e-01
9.999999934021650549e-01
9.999999934021650549e-01
9.999990266010722051e-01
9.999990266010722051e-01
9.999990266010722051e-01
9.999990266010722051e-01
9.999990266010722051e-01
9.999990266010722051e-01
9.999990266010722051e-01
7.986309626129035610e-01
7.986309626129035610e-01
7.986309626129035610e-01
7.986309626129035610e-01
7.986309626129035610e-01
7.986309626129035610e-01
9.944266921402437065e-01
9.944266921402437065e-01
9.944266921402437065e-01
9.944266921402437065e-01
9.944266921402437065e-01
9.944266921402437065e-01
9.999999887910185903e-01
9.999999887910185903e-01
9.999999887910185903e-01
9.999999887910185903e-01
9.999999887910185903e-01
9.999999887910185903e-01
9.999999999971143083e-01
9.999999999971143083e-01
9.999999999971143083e-01
9.999999999971143083e-01
9.999999999971143083e-01
9.999999999971143083e-01
9.999999999971143083e-01
9.999991179232387006e-01
9.999991179232387006e-01
9.999991179232387006e-01
9.999991179232387006e-01
9.999991179232387006e-01
9.999991179232387006e-01
9.999974372376992937e-01
9.999974372376992937e-01
9.999974372376992937e-01
9.999974372376992937e-01
9.999974372376992937e-01
9.999974372376992937e-01
9.486103501218280387e-01
9.486103501218280387e-01
9.486103501218280387e-01
9.486103501218280387e-01
9.486103501218280387e-01
9.486103501218280387e-01
9.999999774148163878e-01
9.999999774148163878e-01
9.999999774148163878e-01
9.999999774148163878e-01
9.999999774148163878e-01
9.999999774148163878e-01
9.999999774148163878e-01
9.999999999968117725e-01
9.999999999968117725e-01
9.999999999968117725e-01
9.999999999968117725e-01
9.999999999968117725e-01
9.999999999968117725e-01
9.999993516971993346e-01
9.999993516971993346e-01
9.999993516971993346e-01
9.999993516971993346e-01
9.999993516971993346e-01
9.999993516971993346e-01
7.799924468236205666e-01
7.799924468236205666e-01
7.799924468236205666e-01
7.799924468236205666e-01
7.799924468236205666e-01
7.799924468236205666e-01
9.999849027432820003e-01
9.999849027432820003e-01
9.999849027432820003e-01
9.999849027432820003e-01
9.999849027432820003e-01
9.999849027432820003e-01
9.999849027432820003e-01
9.999999999676562057e-01
9.999999999676562057e-01
9.999999999676562057e-01
9.999999999676562057e-01
9.999999999676562057e-01
9.999999999676562057e-01
9.999999968535695505e-01
9.999999968535695505e-01
9.999999968535695505e-01
9.999999968535695505e-01
9.999999968535695505e-01
9.999999968535695505e-01
9.429135148273418698e-01
9.429135148273418698e-01
9.429135148273418698e-01
9.429135148273418698e-01
9.429135148273418698e-01
9.429135148273418698e-01
1.235265966126715378e-05
1.235265966126715378e-05
1.235265966126715378e-05
1.235265966126715378e-05
1.235265966126715378e-05
1.235265966126715378e-05
1.235265966126715378e-05
9.999999999978340659e-01
9.999999999978340659e-01
9.999999999978340659e-01
9.999999999978340659e-01
9.999999999978340659e-01
9.999999999978340659e-01
9.999999998803775769e-01
9.999999998803775769e-01
9.999999998803775769e-01
9.999999998803775769e-01
9.999999998803775769e-01
9.999999998803775769e-01
8.690177245447946452e-01
8.690177245447946452e-01
8.690177245447946452e-01
8.690177245447946452e-01
8.690177245447946452e-01
8.690177245447946452e-01
1.574435665064256984e-06
1.574435665064256984e-06
1.574435665064256984e-06
1.574435665064256984e-06
1.574435665064256984e-06
1.574435665064256984e-06
1.574435665064256984e-06
9.999999999231744541e-01
9.999999999231744541e-01
9.999999999231744541e-01
9.999999999231744541e-01
9.999999999231744541e-01
9.999999999231744541e-01
9.999999945377444632e-01
9.999999945377444632e-01
9.999999945377444632e-01
9.999999945377444632e-01
9.999999945377444632e-01
9.999999945377444632e-01
9.999116387991858756e-01
9.999116387991858756e-01
9.999116387991858756e-01
9.999116387991858756e-01
9.999116387991858756e-01
9.999116387991858756e-01
5.603805478539637066e-07
5.603805478539637066e-07
5.603805478539637066e-07
5.603805478539637066e-07
5.603805478539637066e-07
5.603805478539637066e-07
5.603805478539637066e-07
9.996857347747578615e-01
9.996857347747578615e-01
9.996857347747578615e-01
9.996857347747578615e-01
9.996857347747578615e-01
9.996857347747578615e-01
9.942335587595919622e-01
9.942335587595919622e-01
9.942335587595919622e-01
9.942335587595919622e-01
9.942335587595919622e-01
9.942335587595919622e-01
9.999592916164293799e-01
9.999592916164293799e-01
9.999592916164293799e-01
9.999592916164293799e-01
9.999592916164293799e-01
9.999592916164293799e-01
3.373899913379158549e-05
3.373899913379158549e-05
3.373899913379158549e-05
3.373899913379158549e-05
3.373899913379158549e-05
3.373899913379158549e-05
3.373899913379158549e-05
1.144435115527781856e-02
1.144435115527781856e-02
1.144435115527781856e-02
1.144435115527781856e-02
1.144435115527781856e-02
1.144435115527781856e-02
1.060103525202490612e-02
1.060103525202490612e-02
1.060103525202490612e-02
1.060103525202490612e-02
1.060103525202490612e-02
1.060103525202490612e-02
4.306028210389286593e-06
4.306028210389286593e-06
4.306028210389286593e-06
4.306028210389286593e-06
4.306028210389286593e-06
4.306028210389286593e-06
1.693769408955242254e-04
1.693769408955242254e-04
1.693769408955242254e-04
1.693769408955242254e-04
1.693769408955242254e-04
1.693769408955242254e-04
1.693769408955242254e-04
9.985965627350955609e-01
9.985965627350955609e-01
9.985965627350955609e-01
9.985965627350955609e-01
9.985965627350955609e-01
9.985965627350955609e-01
1.099004176552740305e-08
1.099004176552740305e-08
1.099004176552740305e-08
1.099004176552740305e-08
1.099004176552740305e-08
1.099004176552740305e-08
7.599866330701010886e-08
7.599866330701010886e-08
7.599866330701010886e-08
7.599866330701010886e-08
7.599866330701010886e-08
7.599866330701010886e-08
9.581988646996657533e-01
9.581988646996657533e-01
9.581988646996657533e-01
9.581988646996657533e-01
9.581988646996657533e-01
9.581988646996657533e-01
9.581988646996657533e-01
2.691519526219851577e-01
2.691519526219851577e-01
2.691519526219851577e-01
2.691519526219851577e-01
2.691519526219851577e-01
2.691519526219851577e-01
1.423710038750857300e-10
1.423710038750857300e-10
1.423710038750857300e-10
1.423710038750857300e-10
1.423710038750857300e-10
1.423710038750857300e-10
2.087489613856280426e-05
2.087489613856280426e-05
2.087489613856280426e-05
2.087489613856280426e-05
2.087489613856280426e-05
2.087489613856280426e-05
9.962624547486963467e-01
9.962624547486963467e-01
9.962624547486963467e-01
9.962624547486963467e-01
9.962624547486963467e-01
9.962624547486963467e-01
9.962624547486963467e-01
6.834675083604129231e-01
6.834675083604129231e-01
6.834675083604129231e-01
6.834675083604129231e-01
6.834675083604129231e-01
6.834675083604129231e-01
8.149492664036066591e-08
8.149492664036066591e-08
8.149492664036066591e-08
8.149492664036066591e-08
8.149492664036066591e-08
8.149492664036066591e-08
9.962368150729491445e-01
9.962368150729491445e-01
9.962368150729491445e-01
9.962368150729491445e-01
9.962368150729491445e-01
9.962368150729491445e-01
9.967101519255757713e-01
9.967101519255757713e-01
9.967101519255757713e-01
9.967101519255757713e-01
9.967101519255757713e-01
9.967101519255757713e-01
9.967101519255757713e-01
9.812643400237077707e-01
9.812643400237077707e-01
9.812643400237077707e-01
9.812643400237077707e-01
9.812643400237077707e-01
9.812643400237077707e-01
5.298184587950155439e-05
5.298184587950155439e-05
5.298184587950155439e-05
5.298184587950155439e-05
5.298184587950155439e-05
5.298184587950155439e-05
9.990611030016836036e-01
9.990611030016836036e-01
9.990611030016836036e-01
9.990611030016836036e-01
9.990611030016836036e-01
9.990611030016836036e-01
9.969417039224512944e-01
9.969417039224512944e-01
9.969417039224512944e-01
9.969417039224512944e-01
9.969417039224512944e-01
9.969417039224512944e-01
9.969417039224512944e-01
1.662610761218740185e-01
1.662610761218740185e-01
1.662610761218740185e-01
1.662610761218740185e-01
1.662610761218740185e-01
1.662610761218740185e-01
4.276673411145680260e-04
4.276673411145680260e-04
4.276673411145680260e-04
4.276673411145680260e-04
4.276673411145680260e-04
4.276673411145680260e-04
9.645267986846315367e-01
9.645267986846315367e-01
9.645267986846315367e-01
9.645267986846315367e-01
9.645267986846315367e-01
9.645267986846315367e-01
1.572235161392910030e-01
1.572235161392910030e-01
1.572235161392910030e-01
1.572235161392910030e-01
1.572235161392910030e-01
1.572235161392910030e-01
1.572235161392910030e-01
9.993888150526012426e-01
9.993888150526012426e-01
9.993888150526012426e-01
9.993888150526012426e-01
9.993888150526012426e-01
9.993888150526012426e-01
2.195626112962940218e-03
2.195626112962940218e-03
2.195626112962940218e-03
2.195626112962940218e-03
2.195626112962940218e-03
2.195626112962940218e-03
9.722735165290345982e-01
9.722735165290345982e-01
9.722735165290345982e-01
9.722735165290345982e-01
9.722735165290345982e-01
9.722735165290345982e-01
1.766220297850224105e-06
1.766220297850224105e-06
1.766220297850224105e-06
1.766220297850224105e-06
1.766220297850224105e-06
1.766220297850224105e-06
1.766220297850224105e-06
9.985811322406507040e-01
9.985811322406507040e-01
9.985811322406507040e-01
9.985811322406507040e-01
9.985811322406507040e-01
9.985811322406507040e-01
8.674594304226714014e-03
8.674594304226714014e-03
8.674594304226714014e-03
8.674594304226714014e-03
8.674594304226714014e-03
8.674594304226714014e-03
8.964237910831626688e-02
8.964237910831626688e-02
8.964237910831626688e-02
8.964237910831626688e-02
8.964237910831626688e-02
8.964237910831626688e-02
1.834116979072002474e-06
1.834116979072002474e-06
1.834116979072002474e-06
1.834116979072002474e-06
1.834116979072002474e-06
1.834116979072002474e-06
1.834116979072002474e-06
9.930637819657093246e-01
9.930637819657093246e-01
9.930637819657093246e-01
9.930637819657093246e-01
9.930637819657093246e-01
9.930637819657093246e-01
4.503222227098611641e-01
4.503222227098611641e-01
4.503222227098611641e-01
4.503222227098611641e-01
4.503222227098611641e-01
4.503222227098611641e-01
7.708243860680621395e-01
7.708243860680621395e-01
7.708243860680621395e-01
7.708243860680621395e-01
7.708243860680621395e-01
7.708243860680621395e-01
2.762303284665506435e-06
2.762303284665506435e-06
2.762303284665506435e-06
2.762303284665506435e-06
2.762303284665506435e-06
2.762303284665506435e-06
2.762303284665506435e-06
4.202383475584079136e-04
4.202383475584079136e-04
4.202383475584079136e-04
4.202383475584079136e-04
4.202383475584079136e-04
4.202383475584079136e-04
2.103435213075088405e-05
2.103435213075088405e-05
2.103435213075088405e-05
2.103435213075088405e-05
2.103435213075088405e-05
2.103435213075088405e-05
1.244614108189155861e-02
1.244614108189155861e-02
1.244614108189155861e-02
1.244614108189155861e-02
1.244614108189155861e-02
1.244614108189155861e-02
1.254420026031545857e-05
1.254420026031545857e-05
1.254420026031545857e-05
1.254420026031545857e-05
1.254420026031545857e-05
1.254420026031545857e-05
1.254420026031545857e-05
9.975422400112147203e-01
9.975422400112147203e-01
9.975422400112147203e-01
9.975422400112147203e-01
9.975422400112147203e-01
9.975422400112147203e-01
9.952574647805991770e-01
9.952574647805991770e-01
9.952574647805991770e-01
9.952574647805991770e-01
9.952574647805991770e-01
9.952574647805991770e-01
7.382672021345981252e-03
7.382672021345981252e-03
7.382672021345981252e-03
7.382672021345981252e-03
7.382672021345981252e-03
7.382672021345981252e-03
4.151785617824326136e-05
4.151785617824326136e-05
4.151785617824326136e-05
4.151785617824326136e-05
4.151785617824326136e-05
4.151785617824326136e-05
4.151785617824326136e-05
9.951998491273521541e-01
9.951998491273521541e-01
9.951998491273521541e-01
9.951998491273521541e-01
9.951998491273521541e-01
9.951998491273521541e-01
9.999999854968224522e-01
9.999999854968224522e-01
9.999999854968224522e-01
9.999999854968224522e-01
9.999999854968224522e-01
9.999999854968224522e-01
9.956913382548137070e-01
9.956913382548137070e-01
9.956913382548137070e-01
9.956913382548137070e-01
9.956913382548137070e-01
9.956913382548137070e-01
9.999999999998410161e-01
9.999999999998410161e-01
9.999999999998410161e-01
9.999999999998410161e-01
9.999999999998410161e-01
9.999999999998410161e-01
9.999999999998410161e-01
8.932037723477236346e-01
8.932037723477236346e-01
8.932037723477236346e-01
8.932037723477236346e-01
8.932037723477236346e-01
8.932037723477236346e-01
9.999999998704797166e-01
9.999999998704797166e-01
9.999999998704797166e-01
9.999999998704797166e-01
9.999999998704797166e-01
9.999999998704797166e-01
9.993564452001063581e-01
9.993564452001063581e-01
9.993564452001063581e-01
9.993564452001063581e-01
9.993564452001063581e-01
9.993564452001063581e-01
9.999999999181193866e-01
9.999999999181193866e-01
9.999999999181193866e-01
9.999999999181193866e-01
9.999999999181193866e-01
9.999999999181193866e-01
9.999999999181193866e-01
4.155528106712785656e-03
4.155528106712785656e-03
4.155528106712785656e-03
4.155528106712785656e-03
4.155528106712785656e-03
4.155528106712785656e-03
9.999999999907590587e-01
9.999999999907590587e-01
9.999999999907590587e-01
9.999999999907590587e-01
9.999999999907590587e-01
9.999999999907590587e-01
9.998267413510647517e-01
9.998267413510647517e-01
9.998267413510647517e-01
9.998267413510647517e-01
9.998267413510647517e-01
9.998267413510647517e-01
9.999999423950368671e-01
9.999999423950368671e-01
9.999999423950368671e-01
9.999999423950368671e-01
9.999999423950368671e-01
9.999999423950368671e-01
9.999999423950368671e-01
9.996302425495739996e-01
9.996302425495739996e-01
9.996302425495739996e-01
9.996302425495739996e-01
9.996302425495739996e-01
9.996302425495739996e-01
9.999999978052782623e-01
9.999999978052782623e-01
9.999999978052782623e-01
9.999999978052782623e-01
9.999999978052782623e-01
9.999999978052782623e-01
9.999999989341928908e-01
9.999999989341928908e-01
9.999999989341928908e-01
9.999999989341928908e-01
9.999999989341928908e-01
9.999999989341928908e-01
9.999979261092061256e-01
9.999979261092061256e-01
9.999979261092061256e-01
9.999979261092061256e-01
9.999979261092061256e-01
9.999979261092061256e-01
9.999979261092061256e-01
9.925072145759600284e-01
9.925072145759600284e-01
9.925072145759600284e-01
9.925072145759600284e-01
9.925072145759600284e-01
9.925072145759600284e-01
9.999998533961086400e-01
9.999998533961086400e-01
9.999998533961086400e-01
9.999998533961086400e-01
9.999998533961086400e-01
9.999998533961086400e-01
9.999999309984460849e-01
9.999999309984460849e-01
9.999999309984460849e-01
9.999999309984460849e-01
9.999999309984460849e-01
9.999999309984460849e-01
9.999964735815242145e-01
9.999964735815242145e-01
9.999964735815242145e-01
9.999964735815242145e-01
9.999964735815242145e-01
9.999964735815242145e-01
9.999964735815242145e-01
1.632825919178063426e-02
1.632825919178063426e-02
1.632825919178063426e-02
1.632825919178063426e-02
1.632825919178063426e-02
1.632825919178063426e-02
9.999840243686853869e-01
9.999840243686853869e-01
9.999840243686853869e-01
9.999840243686853869e-01
9.999840243686853869e-01
9.999840243686853869e-01
9.999999793680676152e-01
9.999999793680676152e-01
9.999999793680676152e-01
9.999999793680676152e-01
9.999999793680676152e-01
9.999999793680676152e-01
9.129314718311974490e-05
9.129314718311974490e-05
9.129314718311974490e-05
9.129314718311974490e-05
9.129314718311974490e-05
9.129314718311974490e-05
9.129314718311974490e-05
3.170016321176798157e-02
3.170016321176798157e-02
3.170016321176798157e-02
3.170016321176798157e-02
3.170016321176798157e-02
3.170016321176798157e-02
5.166174326605218470e-01
5.166174326605218470e-01
5.166174326605218470e-01
5.166174326605218470e-01
5.166174326605218470e-01
5.166174326605218470e-01
7.544477896212583579e-01
7.544477896212583579e-01
7.544477896212583579e-01
7.544477896212583579e-01
7.544477896212583579e-01
7.544477896212583579e-01
1.943016872169628083e-05
1.943016872169628083e-05
1.943016872169628083e-05
1.943016872169628083e-05
1.943016872169628083e-05
1.943016872169628083e-05
1.943016872169628083e-05
9.996751331977539179e-01
9.996751331977539179e-01
9.996751331977539179e-01
9.996751331977539179e-01
9.996751331977539179e-01
9.996751331977539179e-01
1.144434282701967942e-05
1.144434282701967942e-05
1.144434282701967942e-05
1.144434282701967942e-05
1.144434282701967942e-05
1.144434282701967942e-05
9.725858640344505474e-06
9.725858640344505474e-06
9.725858640344505474e-06
9.725858640344505474e-06
9.725858640344505474e-06
9.725858640344505474e-06
2.755801296828477827e-06
2.755801296828477827e-06
2.755801296828477827e-06
2.755801296828477827e-06
2.755801296828477827e-06
2.755801296828477827e-06
2.755801296828477827e-06
9.999938823851129976e-01
9.999938823851129976e-01
9.999938823851129976e-01
9.999938823851129976e-01
9.999938823851129976e-01
9.999938823851129976e-01
8.640467069612103682e-08
8.640467069612103682e-08
8.640467069612103682e-08
8.640467069612103682e-08
8.640467069612103682e-08
8.640467069612103682e-08
9.999999308201911186e-01
9.999999308201911186e-01
9.999999308201911186e-01
9.999999308201911186e-01
9.999999308201911186e-01
9.999999308201911186e-01
9.977868955727643430e-01
9.977868955727643430e-01
9.977868955727643430e-01
9.977868955727643430e-01
9.977868955727643430e-01
9.977868955727643430e-01
9.977868955727643430e-01
9.999427751202930592e-01
9.999427751202930592e-01
9.999427751202930592e-01
9.999427751202930592e-01
9.999427751202930592e-01
9.999427751202930592e-01
2.391023229964728750e-07
2.391023229964728750e-07
2.391023229964728750e-07
2.391023229964728750e-07
2.391023229964728750e-07
2.391023229964728750e-07
9.999999916486207452e-01
9.999999916486207452e-01
9.999999916486207452e-01
9.999999916486207452e-01
9.999999916486207452e-01
9.999999916486207452e-01
9.999999909814876187e-01
9.999999909814876187e-01
9.999999909814876187e-01
9.999999909814876187e-01
9.999999909814876187e-01
9.999999909814876187e-01
9.999999909814876187e-01
9.999872819114825617e-01
9.999872819114825617e-01
9.999872819114825617e-01
9.999872819114825617e-01
9.999872819114825617e-01
9.999872819114825617e-01
4.452683882107120371e-06
4.452683882107120371e-06
4.452683882107120371e-06
4.452683882107120371e-06
4.452683882107120371e-06
4.452683882107120371e-06
9.999999642629585628e-01
9.999999642629585628e-01
9.999999642629585628e-01
9.999999642629585628e-01
9.999999642629585628e-01
9.999999642629585628e-01
9.999999999113898808e-01
9.999999999113898808e-01
9.999999999113898808e-01
9.999999999113898808e-01
9.999999999113898808e-01
9.999999999113898808e-01
9.999999999113898808e-01
9.999986468284828289e-01
9.999986468284828289e-01
9.999986468284828289e-01
9.999986468284828289e-01
9.999986468284828289e-01
9.999986468284828289e-01
2.528024249136238684e-04
2.528024249136238684e-04
2.528024249136238684e-04
2.528024249136238684e-04
2.528024249136238684e-04
2.528024249136238684e-04
9.999999861335296947e-01
9.999999861335296947e-01
9.999999861335296947e-01
9.999999861335296947e-01
9.999999861335296947e-01
9.999999861335296947e-01
9.999999999587277921e-01
9.999999999587277921e-01
9.999999999587277921e-01
9.999999999587277921e-01
9.999999999587277921e-01
9.999999999587277921e-01
9.999999999587277921e-01
9.998381685087757154e-01
9.998381685087757154e-01
9.998381685087757154e-01
9.998381685087757154e-01
9.998381685087757154e-01
9.998381685087757154e-01
9.953651133492329439e-01
9.953651133492329439e-01
9.953651133492329439e-01
9.953651133492329439e-01
9.953651133492329439e-01
9.953651133492329439e-01
9.999973863894314752e-01
9.999973863894314752e-01
9.999973863894314752e-01
9.999973863894314752e-01
9.999973863894314752e-01
9.999973863894314752e-01
9.999999985937584324e-01
9.999999985937584324e-01
9.999999985937584324e-01
9.999999985937584324e-01
9.999999985937584324e-01
9.999999985937584324e-01
9.999999985937584324e-01
9.867359168607083841e-01
9.867359168607083841e-01
9.867359168607083841e-01
9.867359168607083841e-01
9.867359168607083841e-01
9.867359168607083841e-01
9.999949647090161653e-01
9.999949647090161653e-01
9.999949647090161653e-01
9.999949647090161653e-01
9.999949647090161653e-01
9.999949647090161653e-01
9.999532800333824634e-01
9.999532800333824634e-01
9.999532800333824634e-01
9.999532800333824634e-01
9.999532800333824634e-01
9.999532800333824634e-01
9.999940553011581468e-01
9.999940553011581468e-01
9.999940553011581468e-01
9.999940553011581468e-01
9.999940553011581468e-01
9.999940553011581468e-01
9.999940553011581468e-01
9.445389623684596891e-01
9.445389623684596891e-01
9.445389623684596891e-01
9.445389623684596891e-01
9.445389623684596891e-01
9.445389623684596891e-01
3.108560493862290268e-04
3.108560493862290268e-04
3.108560493862290268e-04
3.108560493862290268e-04
3.108560493862290268e-04
3.108560493862290268e-04
9.962638592879813348e-01
9.962638592879813348e-01
9.962638592879813348e-01
9.962638592879813348e-01
9.962638592879813348e-01
9.962638592879813348e-01
1.403285063706231507e-07
1.403285063706231507e-07
1.403285063706231507e-07
1.403285063706231507e-07
1.403285063706231507e-07
1.403285063706231507e-07
1.403285063706231507e-07
1.919409753744758624e-03
1.919409753744758624e-03
1.919409753744758624e-03
1.919409753744758624e-03
1.919409753744758624e-03
1.919409753744758624e-03
7.426035042392788220e-06
7.426035042392788220e-06
7.426035042392788220e-06
7.426035042392788220e-06
7.426035042392788220e-06
7.426035042392788220e-06
9.984193395353231359e-01
9.984193395353231359e-01
9.984193395353231359e-01
9.984193395353231359e-01
9.984193395353231359e-01
9.984193395353231359e-01
4.156135274825572739e-08
4.156135274825572739e-08
4.156135274825572739e-08
4.156135274825572739e-08
4.156135274825572739e-08
4.156135274825572739e-08
4.156135274825572739e-08
9.071422276522070859e-04
9.071422276522070859e-04
9.071422276522070859e-04
9.071422276522070859e-04
9.071422276522070859e-04
9.071422276522070859e-04
3.965815874808055866e-06
3.965815874808055866e-06
3.965815874808055866e-06
3.965815874808055866e-06
3.965815874808055866e-06
3.965815874808055866e-06
6.029536446127664595e-01
6.029536446127664595e-01
6.029536446127664595e-01
6.029536446127664595e-01
6.029536446127664595e-01
6.029536446127664595e-01
3.205049962874293846e-06
3.205049962874293846e-06
3.205049962874293846e-06
3.205049962874293846e-06
3.205049962874293846e-06
3.205049962874293846e-06
3.205049962874293846e-06
1.729444078569214026e-05
1.729444078569214026e-05
1.729444078569214026e-05
1.729444078569214026e-05
1.729444078569214026e-05
1.729444078569214026e-05
8.856278909926793563e-01
8.856278909926793563e-01
8.856278909926793563e-01
8.856278909926793563e-01
8.856278909926793563e-01
8.856278909926793563e-01
9.977584143330023858e-01
9.977584143330023858e-01
9.977584143330023858e-01
9.977584143330023858e-01
9.977584143330023858e-01
9.977584143330023858e-01
9.065136197437585492e-04
9.065136197437585492e-04
9.065136197437585492e-04
9.065136197437585492e-04
9.065136197437585492e-04
9.065136197437585492e-04
9.065136197437585492e-04
3.625931118135823812e-03
3.625931118135823812e-03
3.625931118135823812e-03
3.625931118135823812e-03
3.625931118135823812e-03
3.625931118135823812e-03
9.761993223884366522e-01
9.761993223884366522e-01
9.761993223884366522e-01
9.761993223884366522e-01
9.761993223884366522e-01
9.761993223884366522e-01
9.946101844187990593e-02
9.946101844187990593e-02
9.946101844187990593e-02
9.946101844187990593e-02
9.946101844187990593e-02
9.946101844187990593e-02
2.957171912505384137e-01
2.957171912505384137e-01
2.957171912505384137e-01
2.957171912505384137e-01
2.957171912505384137e-01
2.957171912505384137e-01
2.957171912505384137e-01
9.992963604454619952e-01
9.992963604454619952e-01
9.992963604454619952e-01
9.992963604454619952e-01
9.992963604454619952e-01
9.992963604454619952e-01
9.999989769436788967e-01
9.999989769436788967e-01
9.999989769436788967e-01
9.999989769436788967e-01
9.999989769436788967e-01
9.999989769436788967e-01
9.986686660202254151e-01
9.986686660202254151e-01
9.986686660202254151e-01
9.986686660202254151e-01
9.986686660202254151e-01
9.986686660202254151e-01
8.328874843014183417e-04
8.328874843014183417e-04
8.328874843014183417e-04
8.328874843014183417e-04
8.328874843014183417e-04
8.328874843014183417e-04
8.328874843014183417e-04
2.030280405252088971e-01
2.030280405252088971e-01
2.030280405252088971e-01
2.030280405252088971e-01
2.030280405252088971e-01
2.030280405252088971e-01
9.955026849253624244e-01
9.955026849253624244e-01
9.955026849253624244e-01
9.955026849253624244e-01
9.955026849253624244e-01
9.955026849253624244e-01
9.999133483112386811e-01
9.999133483112386811e-01
9.999133483112386811e-01
9.999133483112386811e-01
9.999133483112386811e-01
9.999133483112386811e-01
7.468959277335367186e-04
7.468959277335367186e-04
7.468959277335367186e-04
7.468959277335367186e-04
7.468959277335367186e-04
7.468959277335367186e-04
7.468959277335367186e-04
9.990418541049370660e-01
9.990418541049370660e-01
9.990418541049370660e-01
9.990418541049370660e-01
9.990418541049370660e-01
9.990418541049370660e-01
9.993998039207793171e-01
9.993998039207793171e-01
9.993998039207793171e-01
9.993998039207793171e-01
9.993998039207793171e-01
9.993998039207793171e-01
9.999338447729159141e-01
9.999338447729159141e-01
9.999338447729159141e-01
9.999338447729159141e-01
9.999338447729159141e-01
9.999338447729159141e-01
9.984353551222147072e-01
9.984353551222147072e-01
9.984353551222147072e-01
9.984353551222147072e-01
9.984353551222147072e-01
9.984353551222147072e-01
9.984353551222147072e-01
9.999999936242278675e-01
9.999999936242278675e-01
9.999999936242278675e-01
9.999999936242278675e-01
9.999999936242278675e-01
9.999999936242278675e-01
9.978133682774995572e-01
9.978133682774995572e-01
9.978133682774995572e-01
9.978133682774995572e-01
9.978133682774995572e-01
9.978133682774995572e-01
9.999900718401653066e-01
9.999900718401653066e-01
9.999900718401653066e-01
9.999900718401653066e-01
9.999900718401653066e-01
9.999900718401653066e-01
7.661646509379446647e-04
7.661646509379446647e-04
7.661646509379446647e-04
7.661646509379446647e-04
7.661646509379446647e-04
7.661646509379446647e-04
7.661646509379446647e-04
7.363629992575075958e-03
7.363629992575075958e-03
7.363629992575075958e-03
7.363629992575075958e-03
7.363629992575075958e-03
7.363629992575075958e-03
1.466674194875462614e-03
1.466674194875462614e-03
1.466674194875462614e-03
1.466674194875462614e-03
1.466674194875462614e-03
1.466674194875462614e-03
6.848382427462240869e-05
6.848382427462240869e-05
6.848382427462240869e-05
6.848382427462240869e-05
6.848382427462240869e-05
6.848382427462240869e-05
4.589330801942111200e-06
4.589330801942111200e-06
4.589330801942111200e-06
4.589330801942111200e-06
4.589330801942111200e-06
4.589330801942111200e-06
4.589330801942111200e-06
3.815984018690953862e-03
3.815984018690953862e-03
3.815984018690953862e-03
3.815984018690953862e-03
3.815984018690953862e-03
3.815984018690953862e-03
1.554565593015406523e-05
1.554565593015406523e-05
1.554565593015406523e-05
1.554565593015406523e-05
1.554565593015406523e-05
1.554565593015406523e-05
2.110464414340586599e-09
2.110464414340586599e-09
2.110464414340586599e-09
2.110464414340586599e-09
2.110464414340586599e-09
2.110464414340586599e-09
7.654417614413483879e-06
7.654417614413483879e-06
7.654417614413483879e-06
7.654417614413483879e-06
7.654417614413483879e-06
7.654417614413483879e-06
7.654417614413483879e-06
9.981253718439855316e-01
9.981253718439855316e-01
9.981253718439855316e-01
9.981253718439855316e-01
9.981253718439855316e-01
9.981253718439855316e-01
1.819752844523525567e-07
1.819752844523525567e-07
1.819752844523525567e-07
1.819752844523525567e-07
1.819752844523525567e-07
1.819752844523525567e-07
9.998586369869633117e-01
9.998586369869633117e-01
9.998586369869633117e-01
9.998586369869633117e-01
9.998586369869633117e-01
9.998586369869633117e-01
1.665251169106115366e-03
1.665251169106115366e-03
1.665251169106115366e-03
1.665251169106115366e-03
1.665251169106115366e-03
1.665251169106115366e-03
1.665251169106115366e-03
9.984270495160506576e-01
9.984270495160506576e-01
9.984270495160506576e-01
9.984270495160506576e-01
9.984270495160506576e-01
9.984270495160506576e-01
4.957552122710084178e-06
4.957552122710084178e-06
4.957552122710084178e-06
4.957552122710084178e-06
4.957552122710084178e-06
4.957552122710084178e-06
9.991141598630354226e-01
9.991141598630354226e-01
9.991141598630354226e-01
9.991141598630354226e-01
9.991141598630354226e-01
9.991141598630354226e-01
1.176514876171907628e-03
1.176514876171907628e-03
1.176514876171907628e-03
1.176514876171907628e-03
1.176514876171907628e-03
1.176514876171907628e-03
1.176514876171907628e-03
9.874231961754504905e-01
9.874231961754504905e-01
9.874231961754504905e-01
9.874231961754504905e-01
9.874231961754504905e-01
9.874231961754504905e-01
2.002696770319974118e-02
2.002696770319974118e-02
2.002696770319974118e-02
2.002696770319974118e-02
2.002696770319974118e-02
2.002696770319974118e-02
9.983648356441024996e-01
9.983648356441024996e-01
9.983648356441024996e-01
9.983648356441024996e-01
9.983648356441024996e-01
9.983648356441024996e-01
9.994798908665749604e-01
9.994798908665749604e-01
9.994798908665749604e-01
9.994798908665749604e-01
9.994798908665749604e-01
9.994798908665749604e-01
9.994798908665749604e-01
9.874231961754504905e-01
9.874231961754504905e-01
9.874231961754504905e-01
9.874231961754504905e-01
9.874231961754504905e-01
9.874231961754504905e-01
2.002696770319974118e-02
2.002696770319974118e-02
2.002696770319974118e-02
2.002696770319974118e-02
2.002696770319974118e-02
2.002696770319974118e-02
9.983648356441024996e-01
9.983648356441024996e-01
9.983648356441024996e-01
9.983648356441024996e-01
9.983648356441024996e-01
9.983648356441024996e-01
9.994798908665749604e-01
9.994798908665749604e-01
9.994798908665749604e-01
9.994798908665749604e-01
9.994798908665749604e-01
9.994798908665749604e-01
9.994798908665749604e-01
9.984270495160506576e-01
9.984270495160506576e-01
9.984270495160506576e-01
9.984270495160506576e-01
9.984270495160506576e-01
9.984270495160506576e-01
4.957552122710084178e-06
4.957552122710084178e-06
4.957552122710084178e-06
4.957552122710084178e-06
4.957552122710084178e-06
4.957552122710084178e-06
9.991141598630354226e-01
9.991141598630354226e-01
9.991141598630354226e-01
9.991141598630354226e-01
9.991141598630354226e-01
9.991141598630354226e-01
1.176514876171907628e-03
1.176514876171907628e-03
1.176514876171907628e-03
1.176514876171907628e-03
1.176514876171907628e-03
1.176514876171907628e-03
1.176514876171907628e-03
9.981253718439855316e-01
9.981253718439855316e-01
9.981253718439855316e-01
9.981253718439855316e-01
9.981253718439855316e-01
9.981253718439855316e-01
1.819752844523525567e-07
1.819752844523525567e-07
1.819752844523525567e-07
1.819752844523525567e-07
1.819752844523525567e-07
1.819752844523525567e-07
9.998586369869633117e-01
9.998586369869633117e-01
9.998586369869633117e-01
9.998586369869633117e-01
9.998586369869633117e-01
9.998586369869633117e-01
1.665251169106115366e-03
1.665251169106115366e-03
1.665251169106115366e-03
1.665251169106115366e-03
1.665251169106115366e-03
1.665251169106115366e-03
1.665251169106115366e-03
3.815984018690953862e-03
3.815984018690953862e-03
3.815984018690953862e-03
3.815984018690953862e-03
3.815984018690953862e-03
3.815984018690953862e-03
1.554565593015406523e-05
1.554565593015406523e-05
1.554565593015406523e-05
1.554565593015406523e-05
1.554565593015406523e-05
1.554565593015406523e-05
2.110464414340586599e-09
2.110464414340586599e-09
2.110464414340586599e-09
2.110464414340586599e-09
2.110464414340586599e-09
2.110464414340586599e-09
7.654417614413483879e-06
7.654417614413483879e-06
7.654417614413483879e-06
7.654417614413483879e-06
7.654417614413483879e-06
7.654417614413483879e-06
7.654417614413483879e-06
7.363629992575075958e-03
7.363629992575075958e-03
7.363629992575075958e-03
7.363629992575075958e-03
7.363629992575075958e-03
7.363629992575075958e-03
1.466674194875462614e-03
1.466674194875462614e-03
1.466674194875462614e-03
1.466674194875462614e-03
1.466674194875462614e-03
1.466674194875462614e-03
6.848382427462240869e-05
6.848382427462240869e-05
6.848382427462240869e-05
6.848382427462240869e-05
6.848382427462240869e-05
6.848382427462240869e-05
4.589330801942111200e-06
4.589330801942111200e-06
4.589330801942111200e-06
4.589330801942111200e-06
4.589330801942111200e-06
4.589330801942111200e-06
4.589330801942111200e-06
9.999999936242278675e-01
9.999999936242278675e-01
9.999999936242278675e-01
9.999999936242278675e-01
9.999999936242278675e-01
9.999999936242278675e-01
9.978133682774995572e-01
9.978133682774995572e-01
9.978133682774995572e-01
9.978133682774995572e-01
9.978133682774995572e-01
9.978133682774995572e-01
9.999900718401653066e-01
9.999900718401653066e-01
9.999900718401653066e-01
9.999900718401653066e-01
9.999900718401653066e-01
9.999900718401653066e-01
7.661646509379446647e-04
7.661646509379446647e-04
7.661646509379446647e-04
7.661646509379446647e-04
7.661646509379446647e-04
7.661646509379446647e-04
7.661646509379446647e-04
9.990418541049370660e-01
9.990418541049370660e-01
9.990418541049370660e-01
9.990418541049370660e-01
9.990418541049370660e-01
9.990418541049370660e-01
9.993998039207793171e-01
9.993998039207793171e-01
9.993998039207793171e-01
9.993998039207793171e-01
9.993998039207793171e-01
9.993998039207793171e-01
9.999338447729159141e-01
9.999338447729159141e-01
9.999338447729159141e-01
9.999338447729159141e-01
9.999338447729159141e-01
9.999338447729159141e-01
9.984353551222147072e-01
9.984353551222147072e-01
9.984353551222147072e-01
9.984353551222147072e-01
9.984353551222147072e-01
9.984353551222147072e-01
9.984353551222147072e-01
2.030280405252088971e-01
2.030280405252088971e-01
2.030280405252088971e-01
2.030280405252088971e-01
2.030280405252088971e-01
2.030280405252088971e-01
9.955026849253624244e-01
9.955026849253624244e-01
9.955026849253624244e-01
9.955026849253624244e-01
9.955026849253624244e-01
9.955026849253624244e-01
9.999133483112386811e-01
9.999133483112386811e-01
9.999133483112386811e-01
9.999133483112386811e-01
9.999133483112386811e-01
9.999133483112386811e-01
7.468959277335367186e-04
7.468959277335367186e-04
7.468959277335367186e-04
7.468959277335367186e-04
7.468959277335367186e-04
7.468959277335367186e-04
7.468959277335367186e-04
9.992963604454619952e-01
9.992963604454619952e-01
9.992963604454619952e-01
9.992963604454619952e-01
9.992963604454619952e-01
9.992963604454619952e-01
9.999989769436788967e-01
9.999989769436788967e-01
9.999989769436788967e-01
9.999989769436788967e-01
9.999989769436788967e-01
9.999989769436788967e-01
9.986686660202254151e-01
9.986686660202254151e-01
9.986686660202254151e-01
9.986686660202254151e-01
9.986686660202254151e-01
9.986686660202254151e-01
8.328874843014183417e-04
8.328874843014183417e-04
8.328874843014183417e-04
8.328874843014183417e-04
8.328874843014183417e-04
8.328874843014183417e-04
8.328874843014183417e-04
3.625931118135823812e-03
3.625931118135823812e-03
3.625931118135823812e-03
3.625931118135823812e-03
3.625931118135823812e-03
3.625931118135823812e-03
9.761993223884366522e-01
9.761993223884366522e-01
9.761993223884366522e-01
9.761993223884366522e-01
9.761993223884366522e-01
9.761993223884366522e-01
9.946101844187990593e-02
9.946101844187990593e-02
9.946101844187990593e-02
9.946101844187990593e-02
9.946101844187990593e-02
9.946101844187990593e-02
2.957171912505384137e-01
2.957171912505384137e-01
2.957171912505384137e-01
2.957171912505384137e-01
2.957171912505384137e-01
2.957171912505384137e-01
2.957171912505384137e-01
1.729444078569214026e-05
1.729444078569214026e-05
1.729444078569214026e-05
1.729444078569214026e-05
1.729444078569214026e-05
1.729444078569214026e-05
8.856278909926793563e-01
8.856278909926793563e-01
8.856278909926793563e-01
8.856278909926793563e-01
8.856278909926793563e-01
8.856278909926793563e-01
9.977584143330023858e-01
9.977584143330023858e-01
9.977584143330023858e-01
9.977584143330023858e-01
9.977584143330023858e-01
9.977584143330023858e-01
9.065136197437585492e-04
9.065136197437585492e-04
9.065136197437585492e-04
9.065136197437585492e-04
9.065136197437585492e-04
9.065136197437585492e-04
9.065136197437585492e-04
9.071422276522070859e-04
9.071422276522070859e-04
9.071422276522070859e-04
9.071422276522070859e-04
9.071422276522070859e-04
9.071422276522070859e-04
3.965815874808055866e-06
3.965815874808055866e-06
3.965815874808055866e-06
3.965815874808055866e-06
3.965815874808055866e-06
3.965815874808055866e-06
6.029536446127664595e-01
6.029536446127664595e-01
6.029536446127664595e-01
6.029536446127664595e-01
6.029536446127664595e-01
6.029536446127664595e-01
3.205049962874293846e-06
3.205049962874293846e-06
3.205049962874293846e-06
3.205049962874293846e-06
3.205049962874293846e-06
3.205049962874293846e-06
3.205049962874293846e-06
1.919409753744758624e-03
1.919409753744758624e-03
1.919409753744758624e-03
1.919409753744758624e-03
1.919409753744758624e-03
1.919409753744758624e-03
7.426035042392788220e-06
7.426035042392788220e-06
7.426035042392788220e-06
7.426035042392788220e-06
7.426035042392788220e-06
7.426035042392788220e-06
9.984193395353231359e-01
9.984193395353231359e-01
9.984193395353231359e-01
9.984193395353231359e-01
9.984193395353231359e-01
9.984193395353231359e-01
4.156135274825572739e-08
4.156135274825572739e-08
4.156135274825572739e-08
4.156135274825572739e-08
4.156135274825572739e-08
4.156135274825572739e-08
4.156135274825572739e-08
9.445389623684596891e-01
9.445389623684596891e-01
9.445389623684596891e-01
9.445389623684596891e-01
9.445389623684596891e-01
9.445389623684596891e-01
3.108560493862290268e-04
3.108560493862290268e-04
3.108560493862290268e-04
3.108560493862290268e-04
3.108560493862290268e-04
3.108560493862290268e-04
9.962638592879813348e-01
9.962638592879813348e-01
9.962638592879813348e-01
9.962638592879813348e-01
9.962638592879813348e-01
9.962638592879813348e-01
1.403285063706231507e-07
1.403285063706231507e-07
1.403285063706231507e-07
1.403285063706231507e-07
1.403285063706231507e-07
1.403285063706231507e-07
1.403285063706231507e-07
9.867359168607083841e-01
9.867359168607083841e-01
9.867359168607083841e-01
9.867359168607083841e-01
9.867359168607083841e-01
9.867359168607083841e-01
9.999949647090161653e-01
9.999949647090161653e-01
9.999949647090161653e-01
9.999949647090161653e-01
9.999949647090161653e-01
9.999949647090161653e-01
9.999532800333824634e-01
9.999532800333824634e-01
9.999532800333824634e-01
9.999532800333824634e-01
9.999532800333824634e-01
9.999532800333824634e-01
9.999940553011581468e-01
9.999940553011581468e-01
9.999940553011581468e-01
9.999940553011581468e-01
9.999940553011581468e-01
9.999940553011581468e-01
9.999940553011581468e-01
9.998381685087757154e-01
9.998381685087757154e-01
9.998381685087757154e-01
9.998381685087757154e-01
9.998381685087757154e-01
9.998381685087757154e-01
9.953651133492329439e-01
9.953651133492329439e-01
9.953651133492329439e-01
9.953651133492329439e-01
9.953651133492329439e-01
9.953651133492329439e-01
9.999973863894314752e-01
9.999973863894314752e-01
9.999973863894314752e-01
9.999973863894314752e-01
9.999973863894314752e-01
9.999973863894314752e-01
9.999999985937584324e-01
9.999999985937584324e-01
9.999999985937584324e-01
9.999999985937584324e-01
9.999999985937584324e-01
9.999999985937584324e-01
9.999999985937584324e-01
9.999986468284828289e-01
9.999986468284828289e-01
9.999986468284828289e-01
9.999986468284828289e-01
9.999986468284828289e-01
9.999986468284828289e-01
2.528024249136238684e-04
2.528024249136238684e-04
2.528024249136238684e-04
2.528024249136238684e-04
2.528024249136238684e-04
2.528024249136238684e-04
9.999999861335296947e-01
9.999999861335296947e-01
9.999999861335296947e-01
9.999999861335296947e-01
9.999999861335296947e-01
9.999999861335296947e-01
9.999999999587277921e-01
9.999999999587277921e-01
9.999999999587277921e-01
9.999999999587277921e-01
9.999999999587277921e-01
9.999999999587277921e-01
9.999999999587277921e-01
9.999872819114825617e-01
9.999872819114825617e-01
9.999872819114825617e-01
9.999872819114825617e-01
9.999872819114825617e-01
9.999872819114825617e-01
4.452683882107120371e-06
4.452683882107120371e-06
4.452683882107120371e-06
4.452683882107120371e-06
4.452683882107120371e-06
4.452683882107120371e-06
9.999999642629585628e-01
9.999999642629585628e-01
9.999999642629585628e-01
9.999999642629585628e-01
9.999999642629585628e-01
9.999999642629585628e-01
9.999999999113898808e-01
9.999999999113898808e-01
9.999999999113898808e-01
9.999999999113898808e-01
9.999999999113898808e-01
9.999999999113898808e-01
9.999999999113898808e-01
9.999427751202930592e-01
9.999427751202930592e-01
9.999427751202930592e-01
9.999427751202930592e-01
9.999427751202930592e-01
9.999427751202930592e-01
2.391023229964728750e-07
2.391023229964728750e-07
2.391023229964728750e-07
2.391023229964728750e-07
2.391023229964728750e-07
2.391023229964728750e-07
9.999999916486207452e-01
9.999999916486207452e-01
9.999999916486207452e-01
9.999999916486207452e-01
9.999999916486207452e-01
9.999999916486207452e-01
9.999999909814876187e-01
9.999999909814876187e-01
9.999999909814876187e-01
9.999999909814876187e-01
9.999999909814876187e-01
9.999999909814876187e-01
9.999999909814876187e-01
9.999938823851129976e-01
9.999938823851129976e-01
9.999938823851129976e-01
9.999938823851129976e-01
9.999938823851129976e-01
9.999938823851129976e-01
8.640467069612103682e-08
8.640467069612103682e-08
8.640467069612103682e-08
8.640467069612103682e-08
8.640467069612103682e-08
8.640467069612103682e-08
9.999999308201911186e-01
9.999999308201911186e-01
9.999999308201911186e-01
9.999999308201911186e-01
9.999999308201911186e-01
9.999999308201911186e-01
9.977868955727643430e-01
9.977868955727643430e-01
9.977868955727643430e-01
9.977868955727643430e-01
9.977868955727643430e-01
9.977868955727643430e-01
9.977868955727643430e-01
9.996751331977539179e-01
9.996751331977539179e-01
9.996751331977539179e-01
9.996751331977539179e-01
9.996751331977539179e-01
9.996751331977539179e-01
1.144434282701967942e-05
1.144434282701967942e-05
1.144434282701967942e-05
1.144434282701967942e-05
1.144434282701967942e-05
1.144434282701967942e-05
9.725858640344505474e-06
9.725858640344505474e-06
9.725858640344505474e-06
9.725858640344505474e-06
9.725858640344505474e-06
9.725858640344505474e-06
2.755801296828477827e-06
2.755801296828477827e-06
2.755801296828477827e-06
2.755801296828477827e-06
2.755801296828477827e-06
2.755801296828477827e-06
2.755801296828477827e-06
3.170016321176798157e-02
3.170016321176798157e-02
3.170016321176798157e-02
3.170016321176798157e-02
3.170016321176798157e-02
3.170016321176798157e-02
5.166174326605218470e-01
5.166174326605218470e-01
5.166174326605218470e-01
5.166174326605218470e-01
5.166174326605218470e-01
5.166174326605218470e-01
7.544477896212583579e-01
7.544477896212583579e-01
7.544477896212583579e-01
7.544477896212583579e-01
7.544477896212583579e-01
7.544477896212583579e-01
1.943016872169628083e-05
1.943016872169628083e-05
1.943016872169628083e-05
1.943016872169628083e-05
1.943016872169628083e-05
1.943016872169628083e-05
1.943016872169628083e-05
1.632825919178063426e-02
1.632825919178063426e-02
1.632825919178063426e-02
1.632825919178063426e-02
1.632825919178063426e-02
1.632825919178063426e-02
9.999840243686853869e-01
9.999840243686853869e-01
9.999840243686853869e-01
9.999840243686853869e-01
9.999840243686853869e-01
9.999840243686853869e-01
9.999999793680676152e-01
9.999999793680676152e-01
9.999999793680676152e-01
9.999999793680676152e-01
9.999999793680676152e-01
9.999999793680676152e-01
9.129314718311974490e-05
9.129314718311974490e-05
9.129314718311974490e-05
9.129314718311974490e-05
9.129314718311974490e-05
9.129314718311974490e-05
9.129314718311974490e-05
9.925072145759600284e-01
9.925072145759600284e-01
9.925072145759600284e-01
9.925072145759600284e-01
9.925072145759600284e-01
9.925072145759600284e-01
9.999998533961086400e-01
9.999998533961086400e-01
9.999998533961086400e-01
9.999998533961086400e-01
9.999998533961086400e-01
9.999998533961086400e-01
9.999999309984460849e-01
9.999999309984460849e-01
9.999999309984460849e-01
9.999999309984460849e-01
9.999999309984460849e-01
9.999999309984460849e-01
9.999964735815242145e-01
9.999964735815242145e-01
9.999964735815242145e-01
9.999964735815242145e-01
9.999964735815242145e-01
9.999964735815242145e-01
9.999964735815242145e-01
9.996302425495739996e-01
9.996302425495739996e-01
9.996302425495739996e-01
9.996302425495739996e-01
9.996302425495739996e-01
9.996302425495739996e-01
9.999999978052782623e-01
9.999999978052782623e-01
9.999999978052782623e-01
9.999999978052782623e-01
9.999999978052782623e-01
9.999999978052782623e-01
9.999999989341928908e-01
9.999999989341928908e-01
9.999999989341928908e-01
9.999999989341928908e-01
9.999999989341928908e-01
9.999999989341928908e-01
9.999979261092061256e-01
9.999979261092061256e-01
9.999979261092061256e-01
9.999979261092061256e-01
9.999979261092061256e-01
9.999979261092061256e-01
9.999979261092061256e-01
4.155528106712785656e-03
4.155528106712785656e-03
4.155528106712785656e-03
4.155528106712785656e-03
4.155528106712785656e-03
4.155528106712785656e-03
9.999999999907590587e-01
9.999999999907590587e-01
9.999999999907590587e-01
9.999999999907590587e-01
9.999999999907590587e-01
9.999999999907590587e-01
9.998267413510647517e-01
9.998267413510647517e-01
9.998267413510647517e-01
9.998267413510647517e-01
9.998267413510647517e-01
9.998267413510647517e-01
9.999999423950368671e-01
9.999999423950368671e-01
9.999999423950368671e-01
9.999999423950368671e-01
9.999999423950368671e-01
9.999999423950368671e-01
9.999999423950368671e-01
8.932037723477236346e-01
8.932037723477236346e-01
8.932037723477236346e-01
8.932037723477236346e-01
8.932037723477236346e-01
8.932037723477236346e-01
9.999999998704797166e-01
9.999999998704797166e-01
9.999999998704797166e-01
9.999999998704797166e-01
9.999999998704797166e-01
9.999999998704797166e-01
9.993564452001063581e-01
9.993564452001063581e-01
9.993564452001063581e-01
9.993564452001063581e-01
9.993564452001063581e-01
9.993564452001063581e-01
9.999999999181193866e-01
9.999999999181193866e-01
9.999999999181193866e-01
9.999999999181193866e-01
9.999999999181193866e-01
9.999999999181193866e-01
9.999999999181193866e-01
9.951998491273521541e-01
9.951998491273521541e-01
9.951998491273521541e-01
9.951998491273521541e-01
9.951998491273521541e-01
9.951998491273521541e-01
9.999999854968224522e-01
9.999999854968224522e-01
9.999999854968224522e-01
9.999999854968224522e-01
9.999999854968224522e-01
9.999999854968224522e-01
9.956913382548137070e-01
9.956913382548137070e-01
9.956913382548137070e-01
9.956913382548137070e-01
9.956913382548137070e-01
9.956913382548137070e-01
9.999999999998410161e-01
9.999999999998410161e-01
9.999999999998410161e-01
9.999999999998410161e-01
9.999999999998410161e-01
9.999999999998410161e-01
9.999999999998410161e-01
9.975422400112147203e-01
9.975422400112147203e-01
9.975422400112147203e-01
9.975422400112147203e-01
9.975422400112147203e-01
9.975422400112147203e-01
9.952574647805991770e-01
9.952574647805991770e-01
9.952574647805991770e-01
9.952574647805991770e-01
9.952574647805991770e-01
9.952574647805991770e-01
7.382672021345981252e-03
7.382672021345981252e-03
7.382672021345981252e-03
7.382672021345981252e-03
7.382672021345981252e-03
7.382672021345981252e-03
4.151785617824326136e-05
4.151785617824326136e-05
4.151785617824326136e-05
4.151785617824326136e-05
4.151785617824326136e-05
4.151785617824326136e-05
4.151785617824326136e-05
4.202383475584079136e-04
4.202383475584079136e-04
4.202383475584079136e-04
4.202383475584079136e-04
4.202383475584079136e-04
4.202383475584079136e-04
2.103435213075088405e-05
2.103435213075088405e-05
2.103435213075088405e-05
2.103435213075088405e-05
2.103435213075088405e-05
2.103435213075088405e-05
1.244614108189155861e-02
1.244614108189155861e-02
1.244614108189155861e-02
1.244614108189155861e-02
1.244614108189155861e-02
1.244614108189155861e-02
1.254420026031545857e-05
1.254420026031545857e-05
1.254420026031545857e-05
1.254420026031545857e-05
1.254420026031545857e-05
1.254420026031545857e-05
1.254420026031545857e-05
9.930637819657093246e-01
9.930637819657093246e-01
9.930637819657093246e-01
9.930637819657093246e-01
9.930637819657093246e-01
9.930637819657093246e-01
4.503222227098611641e-01
4.503222227098611641e-01
4.503222227098611641e-01
4.503222227098611641e-01
4.503222227098611641e-01
4.503222227098611641e-01
7.708243860680621395e-01
7.708243860680621395e-01
7.708243860680621395e-01
7.708243860680621395e-01
7.708243860680621395e-01
7.708243860680621395e-01
2.762303284665506435e-06
2.762303284665506435e-06
2.762303284665506435e-06
2.762303284665506435e-06
2.762303284665506435e-06
2.762303284665506435e-06
2.762303284665506435e-06
9.985811322406507040e-01
9.985811322406507040e-01
9.985811322406507040e-01
9.985811322406507040e-01
9.985811322406507040e-01
9.985811322406507040e-01
8.674594304226714014e-03
8.674594304226714014e-03
8.674594304226714014e-03
8.674594304226714014e-03
8.674594304226714014e-03
8.674594304226714014e-03
8.964237910831626688e-02
8.964237910831626688e-02
8.964237910831626688e-02
8.964237910831626688e-02
8.964237910831626688e-02
8.964237910831626688e-02
1.834116979072002474e-06
1.834116979072002474e-06
1.834116979072002474e-06
1.834116979072002474e-06
1.834116979072002474e-06
1.834116979072002474e-06
1.834116979072002474e-06
9.993888150526012426e-01
9.993888150526012426e-01
9.993888150526012426e-01
9.993888150526012426e-01
9.993888150526012426e-01
9.993888150526012426e-01
2.195626112962940218e-03
2.195626112962940218e-03
2.195626112962940218e-03
2.195626112962940218e-03
2.195626112962940218e-03
2.195626112962940218e-03
9.722735165290345982e-01
9.722735165290345982e-01
9.722735165290345982e-01
9.722735165290345982e-01
9.722735165290345982e-01
9.722735165290345982e-01
1.766220297850224105e-06
1.766220297850224105e-06
1.766220297850224105e-06
1.766220297850224105e-06
1.766220297850224105e-06
1.766220297850224105e-06
1.766220297850224105e-06
1.662610761218740185e-01
1.662610761218740185e-01
1.662610761218740185e-01
1.662610761218740185e-01
1.662610761218740185e-01
1.662610761218740185e-01
4.276673411145680260e-04
4.276673411145680260e-04
4.276673411145680260e-04
4.276673411145680260e-04
4.276673411145680260e-04
4.276673411145680260e-04
9.645267986846315367e-01
9.645267986846315367e-01
9.645267986846315367e-01
9.645267986846315367e-01
9.645267986846315367e-01
9.645267986846315367e-01
1.572235161392910030e-01
1.572235161392910030e-01
1.572235161392910030e-01
1.572235161392910030e-01
1.572235161392910030e-01
1.572235161392910030e-01
1.572235161392910030e-01
9.812643400237077707e-01
9.812643400237077707e-01
9.812643400237077707e-01
9.812643400237077707e-01
9.812643400237077707e-01
9.812643400237077707e-01
5.298184587950155439e-05
5.298184587950155439e-05
5.298184587950155439e-05
5.298184587950155439e-05
5.298184587950155439e-05
5.298184587950155439e-05
9.990611030016836036e-01
9.990611030016836036e-01
9.990611030016836036e-01
9.990611030016836036e-01
9.990611030016836036e-01
9.990611030016836036e-01
9.969417039224512944e-01
9.969417039224512944e-01
9.969417039224512944e-01
9.969417039224512944e-01
9.969417039224512944e-01
9.969417039224512944e-01
9.969417039224512944e-01
6.834675083604129231e-01
6.834675083604129231e-01
6.834675083604129231e-01
6.834675083604129231e-01
6.834675083604129231e-01
6.834675083604129231e-01
8.149492664036066591e-08
8.149492664036066591e-08
8.149492664036066591e-08
8.149492664036066591e-08
8.149492664036066591e-08
8.149492664036066591e-08
9.962368150729491445e-01
9.962368150729491445e-01
9.962368150729491445e-01
9.962368150729491445e-01
9.962368150729491445e-01
9.962368150729491445e-01
9.967101519255757713e-01
9.967101519255757713e-01
9.967101519255757713e-01
9.967101519255757713e-01
9.967101519255757713e-01
9.967101519255757713e-01
9.967101519255757713e-01
2.691519526219851577e-01
2.691519526219851577e-01
2.691519526219851577e-01
2.691519526219851577e-01
2.691519526219851577e-01
2.691519526219851577e-01
1.423710038750857300e-10
1.423710038750857300e-10
1.423710038750857300e-10
1.423710038750857300e-10
1.423710038750857300e-10
1.423710038750857300e-10
2.087489613856280426e-05
2.087489613856280426e-05
2.087489613856280426e-05
2.087489613856280426e-05
2.087489613856280426e-05
2.087489613856280426e-05
9.962624547486963467e-01
9.962624547486963467e-01
9.962624547486963467e-01
9.962624547486963467e-01
9.962624547486963467e-01
9.962624547486963467e-01
9.962624547486963467e-01
9.985965627350955609e-01
9.985965627350955609e-01
9.985965627350955609e-01
9.985965627350955609e-01
9.985965627350955609e-01
9.985965627350955609e-01
1.099004176552740305e-08
1.099004176552740305e-08
1.099004176552740305e-08
1.099004176552740305e-08
1.099004176552740305e-08
1.099004176552740305e-08
7.599866330701010886e-08
7.599866330701010886e-08
7.599866330701010886e-08
7.599866330701010886e-08
7.599866330701010886e-08
7.599866330701010886e-08
9.581988646996657533e-01
9.581988646996657533e-01
9.581988646996657533e-01
9.581988646996657533e-01
9.581988646996657533e-01
9.581988646996657533e-01
9.581988646996657533e-01
1.144435115527781856e-02
1.144435115527781856e-02
1.144435115527781856e-02
1.144435115527781856e-02
1.144435115527781856e-02
1.144435115527781856e-02
1.060103525202490612e-02
1.060103525202490612e-02
1.060103525202490612e-02
1.060103525202490612e-02
1.060103525202490612e-02
1.060103525202490612e-02
4.306028210389286593e-06
4.306028210389286593e-06
4.306028210389286593e-06
4.306028210389286593e-06
4.306028210389286593e-06
4.306028210389286593e-06
1.693769408955242254e-04
1.693769408955242254e-04
1.693769408955242254e-04
1.693769408955242254e-04
1.693769408955242254e-04
1.693769408955242254e-04
1.693769408955242254e-04
9.996857347747578615e-01
9.996857347747578615e-01
9.996857347747578615e-01
9.996857347747578615e-01
9.996857347747578615e-01
9.996857347747578615e-01
9.942335587595919622e-01
9.942335587595919622e-01
9.942335587595919622e-01
9.942335587595919622e-01
9.942335587595919622e-01
9.942335587595919622e-01
9.999592916164293799e-01
9.999592916164293799e-01
9.999592916164293799e-01
9.999592916164293799e-01
9.999592916164293799e-01
9.999592916164293799e-01
3.373899913379158549e-05
3.373899913379158549e-05
3.373899913379158549e-05
3.373899913379158549e-05
3.373899913379158549e-05
3.373899913379158549e-05
3.373899913379158549e-05
9.999999999231744541e-01
9.999999999231744541e-01
9.999999999231744541e-01
9.999999999231744541e-01
9.999999999231744541e-01
9.999999999231744541e-01
9.999999945377444632e-01
9.999999945377444632e-01
9.999999945377444632e-01
9.999999945377444632e-01
9.999999945377444632e-01
9.999999945377444632e-01
9.999116387991858756e-01
9.999116387991858756e-01
9.999116387991858756e-01
9.999116387991858756e-01
9.999116387991858756e-01
9.999116387991858756e-01
5.603805478539637066e-07
5.603805478539637066e-07
5.603805478539637066e-07
5.603805478539637066e-07
5.603805478539637066e-07
5.603805478539637066e-07
5.603805478539637066e-07
9.999999999978340659e-01
9.999999999978340659e-01
9.999999999978340659e-01
9.999999999978340659e-01
9.999999999978340659e-01
9.999999999978340659e-01
9.999999998803775769e-01
9.999999998803775769e-01
9.999999998803775769e-01
9.999999998803775769e-01
9.999999998803775769e-01
9.999999998803775769e-01
8.690177245447946452e-01
8.690177245447946452e-01
8.690177245447946452e-01
8.690177245447946452e-01
8.690177245447946452e-01
8.690177245447946452e-01
1.574435665064256984e-06
1.574435665064256984e-06
1.574435665064256984e-06
1.574435665064256984e-06
1.574435665064256984e-06
1.574435665064256984e-06
1.574435665064256984e-06
9.999999999676562057e-01
9.999999999676562057e-01
9.999999999676562057e-01
9.999999999676562057e-01
9.999999999676562057e-01
9.999999999676562057e-01
9.999999968535695505e-01
9.999999968535695505e-01
9.999999968535695505e-01
9.999999968535695505e-01
9.999999968535695505e-01
9.999999968535695505e-01
9.429135148273418698e-01
9.429135148273418698e-01
9.429135148273418698e-01
9.429135148273418698e-01
9.429135148273418698e-01
9.429135148273418698e-01
1.235265966126715378e-05
1.235265966126715378e-05
1.235265966126715378e-05
1.235265966126715378e-05
1.235265966126715378e-05
1.235265966126715378e-05
1.235265966126715378e-05
9.999999999968117725e-01
9.999999999968117725e-01
9.999999999968117725e-01
9.999999999968117725e-01
9.999999999968117725e-01
9.999999999968117725e-01
9.999993516971993346e-01
9.999993516971993346e-01
9.999993516971993346e-01
9.999993516971993346e-01
9.999993516971993346e-01
9.999993516971993346e-01
7.799924468236205666e-01
7.799924468236205666e-01
7.799924468236205666e-01
7.799924468236205666e-01
7.799924468236205666e-01
7.799924468236205666e-01
9.999849027432820003e-01
9.999849027432820003e-01
9.999849027432820003e-01
9.999849027432820003e-01
9.999849027432820003e-01
9.999849027432820003e-01
9.999849027432820003e-01
9.999991179232387006e-01
9.999991179232387006e-01
9.999991179232387006e-01
9.999991179232387006e-01
9.999991179232387006e-01
9.999991179232387006e-01
9.999974372376992937e-01
9.999974372376992937e-01
9.999974372376992937e-01
9.999974372376992937e-01
9.999974372376992937e-01
9.999974372376992937e-01
9.486103501218280387e-01
9.486103501218280387e-01
9.486103501218280387e-01
9.486103501218280387e-01
9.486103501218280387e-01
9.486103501218280387e-01
9.999999774148163878e-01
9.999999774148163878e-01
9.999999774148163878e-01
9.999999774148163878e-01
9.999999774148163878e-01
9.999999774148163878e-01
9.999999774148163878e-01
7.986309626129035610e-01
7.986309626129035610e-01
7.986309626129035610e-01
7.986309626129035610e-01
7.986309626129035610e-01
7.986309626129035610e-01
9.944266921402437065e-01
9.944266921402437065e-01
9.944266921402437065e-01
9.944266921402437065e-01
9.944266921402437065e-01
9.944266921402437065e-01
9.999999887910185903e-01
9.999999887910185903e-01
9.999999887910185903e-01
9.999999887910185903e-01
9.999999887910185903e-01
9.999999887910185903e-01
9.999999999971143083e-01
9.999999999971143083e-01
9.999999999971143083e-01
9.999999999971143083e-01
9.999999999971143083e-01
9.999999999971143083e-01
9.999999999971143083e-01
3.128881035746602229e-02
3.128881035746602229e-02
3.128881035746602229e-02
3.128881035746602229e-02
3.128881035746602229e-02
3.128881035746602229e-02
3.565869821643418620e-11
3.565869821643418620e-11
3.565869821643418620e-11
3.565869821643418620e-11
3.565869821643418620e-11
3.565869821643418620e-11
9.999999934021650549e-01
9.999999934021650549e-01
9.999999934021650549e-01
9.999999934021650549e-01
9.999999934021650549e-01
9.999999934021650549e-01
9.999990266010722051e-01
9.999990266010722051e-01
9.999990266010722051e-01
9.999990266010722051e-01
9.999990266010722051e-01
9.999990266010722051e-01
9.999990266010722051e-01
9.172170089261711193e-03
9.172170089261711193e-03
9.172170089261711193e-03
9.172170089261711193e-03
9.172170089261711193e-03
9.172170089261711193e-03
1.247684733307996243e-10
1.247684733307996243e-10
1.247684733307996243e-10
1.247684733307996243e-10
1.247684733307996243e-10
1.247684733307996243e-10
9.999617897795488597e-01
9.999617897795488597e-01
9.999617897795488597e-01
9.999617897795488597e-01
9.999617897795488597e-01
9.999617897795488597e-01
5.209089472403238786e-04
5.209089472403238786e-04
5.209089472403238786e-04
5.209089472403238786e-04
5.209089472403238786e-04
5.209089472403238786e-04
5.209089472403238786e-04
1.014248712989700764e-04
1.014248712989700764e-04
1.014248712989700764e-04
1.014248712989700764e-04
1.014248712989700764e-04
1.014248712989700764e-04
6.515343820014758719e-12
6.515343820014758719e-12
6.515343820014758719e-12
6.515343820014758719e-12
6.515343820014758719e-12
6.515343820014758719e-12
5.642459941506946519e-01
5.642459941506946519e-01
5.642459941506946519e-01
5.642459941506946519e-01
5.642459941506946519e-01
5.642459941506946519e-01
1.048263056710234479e-04
1.048263056710234479e-04
1.048263056710234479e-04
1.048263056710234479e-04
1.048263056710234479e-04
1.048263056710234479e-04
1.048263056710234479e-04
9.999865244466302761e-01
9.999865244466302761e-01
9.999865244466302761e-01
9.999865244466302761e-01
9.999865244466302761e-01
9.999865244466302761e-01
2.192424020109456554e-11
2.192424020109456554e-11
2.192424020109456554e-11
2.192424020109456554e-11
2.192424020109456554e-11
2.192424020109456554e-11
1.535592047772794087e-03
1.535592047772794087e-03
1.535592047772794087e-03
1.535592047772794087e-03
1.535592047772794087e-03
1.535592047772794087e-03
2.671643316765891398e-05
2.671643316765891398e-05
2.671643316765891398e-05
2.671643316765891398e-05
2.671643316765891398e-05
2.671643316765891398e-05
2.671643316765891398e-05
9.999977290487866988e-01
9.999977290487866988e-01
9.999977290487866988e-01
9.999977290487866988e-01
9.999977290487866988e-01
9.999977290487866988e-01
6.295454990647724511e-09
6.295454990647724511e-09
6.295454990647724511e-09
6.295454990647724511e-09
6.295454990647724511e-09
6.295454990647724511e-09
9.957118408582662505e-01
9.957118408582662505e-01
9.957118408582662505e-01
9.957118408582662505e-01
9.957118408582662505e-01
9.957118408582662505e-01
1.016429058203521709e-04
1.016429058203521709e-04
1.016429058203521709e-04
1.016429058203521709e-04
1.016429058203521709e-04
1.016429058203521709e-04
1.016429058203521709e-04
9.999996864321535339e-01
9.999996864321535339e-01
9.999996864321535339e-01
9.999996864321535339e-01
9.999996864321535339e-01
9.999996864321535339e-01
9.645396396648857459e-05
9.645396396648857459e-05
9.645396396648857459e-05
9.645396396648857459e-05
9.645396396648857459e-05
9.645396396648857459e-05
9.985045524627610414e-01
9.985045524627610414e-01
9.985045524627610414e-01
9.985045524627610414e-01
9.985045524627610414e-01
9.985045524627610414e-01
9.452996000594877657e-01
9.452996000594877657e-01
9.452996000594877657e-01
9.452996000594877657e-01
9.452996000594877657e-01
9.452996000594877657e-01
9.452996000594877657e-01
9.999999583496735900e-01
9.999999583496735900e-01
9.999999583496735900e-01
9.999999583496735900e-01
9.999999583496735900e-01
9.999999583496735900e-01
3.605290032774999872e-03
3.605290032774999872e-03
3.605290032774999872e-03
3.605290032774999872e-03
3.605290032774999872e-03
3.605290032774999872e-03
9.997698322651964453e-01
9.997698322651964453e-01
9.997698322651964453e-01
9.997698322651964453e-01
9.997698322651964453e-01
9.997698322651964453e-01
9.999999972254424163e-01
9.999999972254424163e-01
9.999999972254424163e-01
9.999999972254424163e-01
9.999999972254424163e-01
9.999999972254424163e-01
9.999999972254424163e-01
9.999998232926893271e-01
9.999998232926893271e-01
9.999998232926893271e-01
9.999998232926893271e-01
9.999998232926893271e-01
9.999998232926893271e-01
3.664793601507423948e-02
3.664793601507423948e-02
3.664793601507423948e-02
3.664793601507423948e-02
3.664793601507423948e-02
3.664793601507423948e-02
9.999191144348228422e-01
9.999191144348228422e-01
9.999191144348228422e-01
9.999191144348228422e-01
9.999191144348228422e-01
9.999191144348228422e-01
9.999999999736967071e-01
9.999999999736967071e-01
9.999999999736967071e-01
9.999999999736967071e-01
9.999999999736967071e-01
9.999999999736967071e-01
9.999999999736967071e-01
9.999999844180861297e-01
9.999999844180861297e-01
9.999999844180861297e-01
9.999999844180861297e-01
9.999999844180861297e-01
9.999999844180861297e-01
9.629718670953494319e-01
9.629718670953494319e-01
9.629718670953494319e-01
9.629718670953494319e-01
9.629718670953494319e-01
9.629718670953494319e-01
9.999366729913948815e-01
9.999366729913948815e-01
9.999366729913948815e-01
9.999366729913948815e-01
9.999366729913948815e-01
9.999366729913948815e-01
9.999999999934318096e-01
9.999999999934318096e-01
9.999999999934318096e-01
9.999999999934318096e-01
9.999999999934318096e-01
9.999999999934318096e-01
9.999999999934318096e-01
9.999961286365747215e-01
9.999961286365747215e-01
9.999961286365747215e-01
9.999961286365747215e-01
9.999961286365747215e-01
9.999961286365747215e-01
9.564918129408873648e-01
9.564918129408873648e-01
9.564918129408873648e-01
9.564918129408873648e-01
9.564918129408873648e-01
9.564918129408873648e-01
3.927337121117719515e-02
3.927337121117719515e-02
3.927337121117719515e-02
3.927337121117719515e-02
3.927337121117719515e-02
3.927337121117719515e-02
9.999999984918171991e-01
9.999999984918171991e-01
9.999999984918171991e-01
9.999999984918171991e-01
9.999999984918171991e-01
9.999999984918171991e-01
9.999999984918171991e-01
9.999273103744196201e-01
9.999273103744196201e-01
9.999273103744196201e-01
9.999273103744196201e-01
9.999273103744196201e-01
9.999273103744196201e-01
9.089766345777470224e-01
9.089766345777470224e-01
9.089766345777470224e-01
9.089766345777470224e-01
9.089766345777470224e-01
9.089766345777470224e-01
1.467743268591016904e-07
1.467743268591016904e-07
1.467743268591016904e-07
1.467743268591016904e-07
1.467743268591016904e-07
1.467743268591016904e-07
9.836049172092392601e-01
9.836049172092392601e-01
9.836049172092392601e-01
9.836049172092392601e-01
9.836049172092392601e-01
9.836049172092392601e-01
9.836049172092392601e-01
9.996883230474782334e-01
9.996883230474782334e-01
9.996883230474782334e-01
9.996883230474782334e-01
9.996883230474782334e-01
9.996883230474782334e-01
9.997317073580922475e-01
9.997317073580922475e-01
9.997317073580922475e-01
9.997317073580922475e-01
9.997317073580922475e-01
9.997317073580922475e-01
1.122990589408695338e-13
1.122990589408695338e-13
1.122990589408695338e-13
1.122990589408695338e-13
1.122990589408695338e-13
1.122990589408695338e-13
1.310107865991469098e-04
1.310107865991469098e-04
1.310107865991469098e-04
1.310107865991469098e-04
1.310107865991469098e-04
1.310107865991469098e-04
1.310107865991469098e-04
2.216190188698142807e-06
2.216190188698142807e-06
2.216190188698142807e-06
2.216190188698142807e-06
2.216190188698142807e-06
2.216190188698142807e-06
9.999874430454286367e-01
9.999874430454286367e-01
9.999874430454286367e-01
9.999874430454286367e-01
9.999874430454286367e-01
9.999874430454286367e-01
8.159906396690049702e-07
8.159906396690049702e-07
8.159906396690049702e-07
8.159906396690049702e-07
8.159906396690049702e-07
8.159906396690049702e-07
9.999931810414680600e-01
9.999931810414680600e-01
9.999931810414680600e-01
9.999931810414680600e-01
9.999931810414680600e-01
9.999931810414680600e-01
9.999931810414680600e-01
2.279698248808957926e-05
2.279698248808957926e-05
2.279698248808957926e-05
2.279698248808957926e-05
2.279698248808957926e-05
2.279698248808957926e-05
9.999999243440058638e-01
9.999999243440058638e-01
9.999999243440058638e-01
9.999999243440058638e-01
9.999999243440058638e-01
9.999999243440058638e-01
7.678088286465159333e-03
7.678088286465159333e-03
7.678088286465159333e-03
7.678088286465159333e-03
7.678088286465159333e-03
7.678088286465159333e-03
9.999990760735063544e-01
9.999990760735063544e-01
9.999990760735063544e-01
9.999990760735063544e-01
9.999990760735063544e-01
9.999990760735063544e-01
9.999990760735063544e-01
9.999967180120911125e-01
9.999967180120911125e-01
9.999967180120911125e-01
9.999967180120911125e-01
9.999967180120911125e-01
9.999967180120911125e-01
9.999999999901046932e-01
9.999999999901046932e-01
9.999999999901046932e-01
9.999999999901046932e-01
9.999999999901046932e-01
9.999999999901046932e-01
9.999963265328378759e-01
9.999963265328378759e-01
9.999963265328378759e-01
9.999963265328378759e-01
9.999963265328378759e-01
9.999963265328378759e-01
9.999999953442025857e-01
9.999999953442025857e-01
9.999999953442025857e-01
9.999999953442025857e-01
9.999999953442025857e-01
9.999999953442025857e-01
9.999999953442025857e-01
9.999999999997991607e-01
9.999999999997991607e-01
9.999999999997991607e-01
9.999999999997991607e-01
9.999999999997991607e-01
9.999999999997991607e-01
9.999999980101019759e-01
9.999999980101019759e-01
9.999999980101019759e-01
9.999999980101019759e-01
9.999999980101019759e-01
9.999999980101019759e-01
9.964434900215687341e-01
9.964434900215687341e-01
9.964434900215687341e-01
9.964434900215687341e-01
9.964434900215687341e-01
9.964434900215687341e-01
9.999680676769003851e-01
9.999680676769003851e-01
9.999680676769003851e-01
9.999680676769003851e-01
9.999680676769003851e-01
9.999680676769003851e-01
9.999680676769003851e-01
9.999999999994287903e-01
9.999999999994287903e-01
9.999999999994287903e-01
9.999999999994287903e-01
9.999999999994287903e-01
9.999999999994287903e-01
9.999999985675301906e-01
9.999999985675301906e-01
9.999999985675301906e-01
9.999999985675301906e-01
9.999999985675301906e-01
9.999999985675301906e-01
9.999943329246804291e-01
9.999943329246804291e-01
9.999943329246804291e-01
9.999943329246804291e-01
9.999943329246804291e-01
9.999943329246804291e-01
9.997563914618612380e-01
9.997563914618612380e-01
9.997563914618612380e-01
9.997563914618612380e-01
9.997563914618612380e-01
9.997563914618612380e-01
9.997563914618612380e-01
9.999999999919632065e-01
9.999999999919632065e-01
9.999999999919632065e-01
9.999999999919632065e-01
9.999999999919632065e-01
9.999999999919632065e-01
9.999999992784101011e-01
9.999999992784101011e-01
9.999999992784101011e-01
9.999999992784101011e-01
9.999999992784101011e-01
9.999999992784101011e-01
9.999950027167863187e-01
9.999950027167863187e-01
9.999950027167863187e-01
9.999950027167863187e-01
9.999950027167863187e-01
9.999950027167863187e-01
9.999700699877696053e-01
9.999700699877696053e-01
9.999700699877696053e-01
9.999700699877696053e-01
9.999700699877696053e-01
9.999700699877696053e-01
9.999700699877696053e-01
9.995845684791523356e-01
9.995845684791523356e-01
9.995845684791523356e-01
9.995845684791523356e-01
9.995845684791523356e-01
9.995845684791523356e-01
9.999999854019711032e-01
9.999999854019711032e-01
9.999999854019711032e-01
9.999999854019711032e-01
9.999999854019711032e-01
9.999999854019711032e-01
9.999769185444528086e-01
9.999769185444528086e-01
9.999769185444528086e-01
9.999769185444528086e-01
9.999769185444528086e-01
9.999769185444528086e-01
1.998974549215004951e-04
1.998974549215004951e-04
1.998974549215004951e-04
1.998974549215004951e-04
1.998974549215004951e-04
1.998974549215004951e-04
1.998974549215004951e-04
9.915484409115137888e-05
9.915484409115137888e-05
9.915484409115137888e-05
9.915484409115137888e-05
9.915484409115137888e-05
9.915484409115137888e-05
9.999993156155039253e-01
9.999993156155039253e-01
9.999993156155039253e-01
9.999993156155039253e-01
9.999993156155039253e-01
9.999993156155039253e-01
9.860111247532707957e-01
9.860111247532707957e-01
9.860111247532707957e-01
9.860111247532707957e-01
9.860111247532707957e-01
9.860111247532707957e-01
9.939151723873148067e-10
9.939151723873148067e-10
9.939151723873148067e-10
9.939151723873148067e-10
9.939151723873148067e-10
9.939151723873148067e-10
9.939151723873148067e-10
1.931299564717538310e-11
1.931299564717538310e-11
1.931299564717538310e-11
1.931299564717538310e-11
1.931299564717538310e-11
1.931299564717538310e-11
1.323178733248354502e-09
1.323178733248354502e-09
1.323178733248354502e-09
1.323178733248354502e-09
1.323178733248354502e-09
1.323178733248354502e-09
1.920390274579617784e-08
1.920390274579617784e-08
1.920390274579617784e-08
1.920390274579617784e-08
1.920390274579617784e-08
1.920390274579617784e-08
2.854938507824478617e-13
2.854938507824478617e-13
2.854938507824478617e-13
2.854938507824478617e-13
2.854938507824478617e-13
2.854938507824478617e-13
2.854938507824478617e-13
1.308408936751400362e-11
1.308408936751400362e-11
1.308408936751400362e-11
1.308408936751400362e-11
1.308408936751400362e-11
1.308408936751400362e-11
2.002270690360587177e-07
2.002270690360587177e-07
2.002270690360587177e-07
2.002270690360587177e-07
2.002270690360587177e-07
2.002270690360587177e-07
2.682324917736291828e-10
2.682324917736291828e-10
2.682324917736291828e-10
2.682324917736291828e-10
2.682324917736291828e-10
2.682324917736291828e-10
5.925537838182460938e-12
5.925537838182460938e-12
5.925537838182460938e-12
5.925537838182460938e-12
5.925537838182460938e-12
5.925537838182460938e-12
5.925537838182460938e-12
5.720270649111355299e-01
5.720270649111355299e-01
5.720270649111355299e-01
5.720270649111355299e-01
5.720270649111355299e-01
5.720270649111355299e-01
8.419930053196588847e-05
8.419930053196588847e-05
8.419930053196588847e-05
8.419930053196588847e-05
8.419930053196588847e-05
8.419930053196588847e-05
1.120028506551922153e-06
1.120028506551922153e-06
1.120028506551922153e-06
1.120028506551922153e-06
1.120028506551922153e-06
1.120028506551922153e-06
3.045796841406437959e-07
3.045796841406437959e-07
3.045796841406437959e-07
3.045796841406437959e-07
3.045796841406437959e-07
3.045796841406437959e-07
3.045796841406437959e-07
9.993069521213210349e-01
9.993069521213210349e-01
9.993069521213210349e-01
9.993069521213210349e-01
9.993069521213210349e-01
9.993069521213210349e-01
1.555156063678067579e-01
1.555156063678067579e-01
1.555156063678067579e-01
1.555156063678067579e-01
1.555156063678067579e-01
1.555156063678067579e-01
9.999998825703945160e-01
9.999998825703945160e-01
9.999998825703945160e-01
9.999998825703945160e-01
9.999998825703945160e-01
9.999998825703945160e-01
4.522945624142757814e-07
4.522945624142757814e-07
4.522945624142757814e-07
4.522945624142757814e-07
4.522945624142757814e-07
4.522945624142757814e-07
4.522945624142757814e-07
9.999265614300260063e-01
9.999265614300260063e-01
9.999265614300260063e-01
9.999265614300260063e-01
9.999265614300260063e-01
9.999265614300260063e-01
6.576156625519389287e-01
6.576156625519389287e-01
6.576156625519389287e-01
6.576156625519389287e-01
6.576156625519389287e-01
6.576156625519389287e-01
9.999999954950181680e-01
9.999999954950181680e-01
9.999999954950181680e-01
9.999999954950181680e-01
9.999999954950181680e-01
9.999999954950181680e-01
2.639128514115562562e-06
2.639128514115562562e-06
2.639128514115562562e-06
2.639128514115562562e-06
2.639128514115562562e-06
2.639128514115562562e-06
2.639128514115562562e-06
